# UoY RC Q-factor ZX data
#      f [Hz]        Q [-] 
 1.025000e+09 1.214443e+04
 1.030000e+09 1.230395e+04
 1.035000e+09 1.241492e+04
 1.040000e+09 1.258465e+04
 1.045000e+09 1.269884e+04
 1.050000e+09 1.284558e+04
 1.055000e+09 1.295449e+04
 1.060000e+09 1.314509e+04
 1.065000e+09 1.331168e+04
 1.070000e+09 1.347939e+04
 1.075000e+09 1.355755e+04
 1.080000e+09 1.370381e+04
 1.085000e+09 1.379378e+04
 1.090000e+09 1.386671e+04
 1.095000e+09 1.397853e+04
 1.100000e+09 1.404475e+04
 1.105000e+09 1.411362e+04
 1.110000e+09 1.413025e+04
 1.115000e+09 1.412638e+04
 1.120000e+09 1.424799e+04
 1.125000e+09 1.425264e+04
 1.130000e+09 1.427796e+04
 1.135000e+09 1.438806e+04
 1.140000e+09 1.452983e+04
 1.145000e+09 1.467867e+04
 1.150000e+09 1.467865e+04
 1.155000e+09 1.464571e+04
 1.160000e+09 1.468917e+04
 1.165000e+09 1.471075e+04
 1.170000e+09 1.465969e+04
 1.175000e+09 1.464676e+04
 1.180000e+09 1.447257e+04
 1.185000e+09 1.429448e+04
 1.190000e+09 1.419637e+04
 1.195000e+09 1.423395e+04
 1.200000e+09 1.431842e+04
 1.205000e+09 1.430297e+04
 1.210000e+09 1.422171e+04
 1.215000e+09 1.415487e+04
 1.220000e+09 1.414398e+04
 1.225000e+09 1.410612e+04
 1.230000e+09 1.396051e+04
 1.235000e+09 1.373089e+04
 1.240000e+09 1.348378e+04
 1.245000e+09 1.332757e+04
 1.250000e+09 1.324254e+04
 1.255000e+09 1.323055e+04
 1.260000e+09 1.334832e+04
 1.265000e+09 1.353989e+04
 1.270000e+09 1.376659e+04
 1.275000e+09 1.402871e+04
 1.280000e+09 1.427871e+04
 1.285000e+09 1.459022e+04
 1.290000e+09 1.481206e+04
 1.295000e+09 1.491013e+04
 1.300000e+09 1.508233e+04
 1.305000e+09 1.518357e+04
 1.310000e+09 1.517768e+04
 1.315000e+09 1.512853e+04
 1.320000e+09 1.511908e+04
 1.325000e+09 1.507614e+04
 1.330000e+09 1.506171e+04
 1.335000e+09 1.502413e+04
 1.340000e+09 1.491634e+04
 1.345000e+09 1.492019e+04
 1.350000e+09 1.500657e+04
 1.355000e+09 1.511256e+04
 1.360000e+09 1.517747e+04
 1.365000e+09 1.538929e+04
 1.370000e+09 1.543750e+04
 1.375000e+09 1.544947e+04
 1.380000e+09 1.561768e+04
 1.385000e+09 1.577300e+04
 1.390000e+09 1.582957e+04
 1.395000e+09 1.598622e+04
 1.400000e+09 1.610367e+04
 1.405000e+09 1.620962e+04
 1.410000e+09 1.626410e+04
 1.415000e+09 1.646941e+04
 1.420000e+09 1.665029e+04
 1.425000e+09 1.671914e+04
 1.430000e+09 1.674579e+04
 1.435000e+09 1.695095e+04
 1.440000e+09 1.698866e+04
 1.445000e+09 1.709293e+04
 1.450000e+09 1.734387e+04
 1.455000e+09 1.744071e+04
 1.460000e+09 1.755330e+04
 1.465000e+09 1.761930e+04
 1.470000e+09 1.780950e+04
 1.475000e+09 1.801672e+04
 1.480000e+09 1.805116e+04
 1.485000e+09 1.815595e+04
 1.490000e+09 1.817625e+04
 1.495000e+09 1.822172e+04
 1.500000e+09 1.831974e+04
 1.505000e+09 1.831600e+04
 1.510000e+09 1.825648e+04
 1.515000e+09 1.831775e+04
 1.520000e+09 1.849655e+04
 1.525000e+09 1.855703e+04
 1.530000e+09 1.865334e+04
 1.535000e+09 1.877950e+04
 1.540000e+09 1.880970e+04
 1.545000e+09 1.891769e+04
 1.550000e+09 1.899418e+04
 1.555000e+09 1.904066e+04
 1.560000e+09 1.897654e+04
 1.565000e+09 1.897699e+04
 1.570000e+09 1.900982e+04
 1.575000e+09 1.899087e+04
 1.580000e+09 1.894478e+04
 1.585000e+09 1.902025e+04
 1.590000e+09 1.898212e+04
 1.595000e+09 1.919834e+04
 1.600000e+09 1.928362e+04
 1.605000e+09 1.922323e+04
 1.610000e+09 1.903651e+04
 1.615000e+09 1.899977e+04
 1.620000e+09 1.881202e+04
 1.625000e+09 1.865962e+04
 1.630000e+09 1.847883e+04
 1.635000e+09 1.839898e+04
 1.640000e+09 1.829690e+04
 1.645000e+09 1.839309e+04
 1.650000e+09 1.863213e+04
 1.655000e+09 1.878680e+04
 1.660000e+09 1.906155e+04
 1.665000e+09 1.934937e+04
 1.670000e+09 1.960983e+04
 1.675000e+09 1.998902e+04
 1.680000e+09 2.019407e+04
 1.685000e+09 2.041946e+04
 1.690000e+09 2.052825e+04
 1.695000e+09 2.056444e+04
 1.700000e+09 2.078965e+04
 1.705000e+09 2.084509e+04
 1.710000e+09 2.085601e+04
 1.715000e+09 2.104588e+04
 1.720000e+09 2.114551e+04
 1.725000e+09 2.118817e+04
 1.730000e+09 2.127189e+04
 1.735000e+09 2.133421e+04
 1.740000e+09 2.145935e+04
 1.745000e+09 2.151304e+04
 1.750000e+09 2.161796e+04
 1.755000e+09 2.165563e+04
 1.760000e+09 2.171115e+04
 1.765000e+09 2.184190e+04
 1.770000e+09 2.204502e+04
 1.775000e+09 2.225608e+04
 1.780000e+09 2.240080e+04
 1.785000e+09 2.243090e+04
 1.790000e+09 2.243370e+04
 1.795000e+09 2.256770e+04
 1.800000e+09 2.260542e+04
 1.805000e+09 2.242457e+04
 1.810000e+09 2.234877e+04
 1.815000e+09 2.232482e+04
 1.820000e+09 2.207515e+04
 1.825000e+09 2.204525e+04
 1.830000e+09 2.218792e+04
 1.835000e+09 2.234116e+04
 1.840000e+09 2.228432e+04
 1.845000e+09 2.249408e+04
 1.850000e+09 2.266005e+04
 1.855000e+09 2.280031e+04
 1.860000e+09 2.277520e+04
 1.865000e+09 2.289922e+04
 1.870000e+09 2.285836e+04
 1.875000e+09 2.279691e+04
 1.880000e+09 2.276764e+04
 1.885000e+09 2.274371e+04
 1.890000e+09 2.275142e+04
 1.895000e+09 2.261482e+04
 1.900000e+09 2.259039e+04
 1.905000e+09 2.276214e+04
 1.910000e+09 2.268948e+04
 1.915000e+09 2.261841e+04
 1.920000e+09 2.261866e+04
 1.925000e+09 2.266672e+04
 1.930000e+09 2.259240e+04
 1.935000e+09 2.279317e+04
 1.940000e+09 2.299839e+04
 1.945000e+09 2.317582e+04
 1.950000e+09 2.322085e+04
 1.955000e+09 2.355898e+04
 1.960000e+09 2.363554e+04
 1.965000e+09 2.355095e+04
 1.970000e+09 2.347837e+04
 1.975000e+09 2.343243e+04
 1.980000e+09 2.330165e+04
 1.985000e+09 2.323689e+04
 1.990000e+09 2.305641e+04
 1.995000e+09 2.287329e+04
 2.000000e+09 2.259857e+04
 2.005000e+09 2.251625e+04
 2.010000e+09 2.250776e+04
 2.015000e+09 2.259939e+04
 2.020000e+09 2.269422e+04
 2.025000e+09 2.287570e+04
 2.030000e+09 2.316393e+04
 2.035000e+09 2.341092e+04
 2.040000e+09 2.365684e+04
 2.045000e+09 2.400913e+04
 2.050000e+09 2.422320e+04
 2.055000e+09 2.451710e+04
 2.060000e+09 2.474861e+04
 2.065000e+09 2.498507e+04
 2.070000e+09 2.494641e+04
 2.075000e+09 2.502794e+04
 2.080000e+09 2.513022e+04
 2.085000e+09 2.531559e+04
 2.090000e+09 2.538740e+04
 2.095000e+09 2.544696e+04
 2.100000e+09 2.540783e+04
 2.105000e+09 2.540098e+04
 2.110000e+09 2.526006e+04
 2.115000e+09 2.515502e+04
 2.120000e+09 2.517752e+04
 2.125000e+09 2.531497e+04
 2.130000e+09 2.532428e+04
 2.135000e+09 2.547876e+04
 2.140000e+09 2.547853e+04
 2.145000e+09 2.564558e+04
 2.150000e+09 2.581229e+04
 2.155000e+09 2.594018e+04
 2.160000e+09 2.583434e+04
 2.165000e+09 2.585225e+04
 2.170000e+09 2.563911e+04
 2.175000e+09 2.547112e+04
 2.180000e+09 2.548073e+04
 2.185000e+09 2.563067e+04
 2.190000e+09 2.569674e+04
 2.195000e+09 2.580856e+04
 2.200000e+09 2.606420e+04
 2.205000e+09 2.639061e+04
 2.210000e+09 2.645800e+04
 2.215000e+09 2.670177e+04
 2.220000e+09 2.697462e+04
 2.225000e+09 2.717271e+04
 2.230000e+09 2.718967e+04
 2.235000e+09 2.707821e+04
 2.240000e+09 2.711833e+04
 2.245000e+09 2.702726e+04
 2.250000e+09 2.694870e+04
 2.255000e+09 2.709586e+04
 2.260000e+09 2.707729e+04
 2.265000e+09 2.685131e+04
 2.270000e+09 2.663214e+04
 2.275000e+09 2.668818e+04
 2.280000e+09 2.684279e+04
 2.285000e+09 2.684311e+04
 2.290000e+09 2.693544e+04
 2.295000e+09 2.707979e+04
 2.300000e+09 2.693577e+04
 2.305000e+09 2.708450e+04
 2.310000e+09 2.739287e+04
 2.315000e+09 2.754578e+04
 2.320000e+09 2.755100e+04
 2.325000e+09 2.751890e+04
 2.330000e+09 2.768002e+04
 2.335000e+09 2.767772e+04
 2.340000e+09 2.794816e+04
 2.345000e+09 2.816587e+04
 2.350000e+09 2.803376e+04
 2.355000e+09 2.803246e+04
 2.360000e+09 2.820673e+04
 2.365000e+09 2.816952e+04
 2.370000e+09 2.811532e+04
 2.375000e+09 2.811512e+04
 2.380000e+09 2.804085e+04
 2.385000e+09 2.785358e+04
 2.390000e+09 2.786464e+04
 2.395000e+09 2.788113e+04
 2.400000e+09 2.783068e+04
 2.405000e+09 2.775968e+04
 2.410000e+09 2.771946e+04
 2.415000e+09 2.770163e+04
 2.420000e+09 2.778231e+04
 2.425000e+09 2.780029e+04
 2.430000e+09 2.780748e+04
 2.435000e+09 2.787846e+04
 2.440000e+09 2.782069e+04
 2.445000e+09 2.791102e+04
 2.450000e+09 2.786108e+04
 2.455000e+09 2.780530e+04
 2.460000e+09 2.782780e+04
 2.465000e+09 2.778502e+04
 2.470000e+09 2.782656e+04
 2.475000e+09 2.792643e+04
 2.480000e+09 2.817476e+04
 2.485000e+09 2.851280e+04
 2.490000e+09 2.873028e+04
 2.495000e+09 2.898653e+04
 2.500000e+09 2.926934e+04
 2.505000e+09 2.958904e+04
 2.510000e+09 2.996417e+04
 2.515000e+09 3.004799e+04
 2.520000e+09 3.017394e+04
 2.525000e+09 3.002994e+04
 2.530000e+09 3.006958e+04
 2.535000e+09 3.013992e+04
 2.540000e+09 3.020719e+04
 2.545000e+09 3.017781e+04
 2.550000e+09 3.001107e+04
 2.555000e+09 3.003639e+04
 2.560000e+09 2.993357e+04
 2.565000e+09 3.007662e+04
 2.570000e+09 3.017793e+04
 2.575000e+09 3.007103e+04
 2.580000e+09 3.013934e+04
 2.585000e+09 3.027746e+04
 2.590000e+09 3.029305e+04
 2.595000e+09 3.016755e+04
 2.600000e+09 3.006026e+04
 2.605000e+09 3.016043e+04
 2.610000e+09 3.007527e+04
 2.615000e+09 3.001698e+04
 2.620000e+09 2.996927e+04
 2.625000e+09 2.997243e+04
 2.630000e+09 2.966462e+04
 2.635000e+09 2.957957e+04
 2.640000e+09 2.966747e+04
 2.645000e+09 2.952638e+04
 2.650000e+09 2.961725e+04
 2.655000e+09 2.964466e+04
 2.660000e+09 2.976712e+04
 2.665000e+09 2.981147e+04
 2.670000e+09 2.989553e+04
 2.675000e+09 2.998898e+04
 2.680000e+09 3.010028e+04
 2.685000e+09 3.020279e+04
 2.690000e+09 3.028925e+04
 2.695000e+09 3.019896e+04
 2.700000e+09 3.009898e+04
 2.705000e+09 3.014687e+04
 2.710000e+09 3.006946e+04
 2.715000e+09 3.018168e+04
 2.720000e+09 3.019275e+04
 2.725000e+09 3.018663e+04
 2.730000e+09 3.019845e+04
 2.735000e+09 3.015476e+04
 2.740000e+09 3.019264e+04
 2.745000e+09 3.044343e+04
 2.750000e+09 3.038422e+04
 2.755000e+09 3.054386e+04
 2.760000e+09 3.059592e+04
 2.765000e+09 3.060260e+04
 2.770000e+09 3.056500e+04
 2.775000e+09 3.050170e+04
 2.780000e+09 3.040165e+04
 2.785000e+09 3.027753e+04
 2.790000e+09 3.014843e+04
 2.795000e+09 3.018359e+04
 2.800000e+09 3.010266e+04
 2.805000e+09 2.991109e+04
 2.810000e+09 3.006912e+04
 2.815000e+09 3.029891e+04
 2.820000e+09 3.046684e+04
 2.825000e+09 3.063100e+04
 2.830000e+09 3.053388e+04
 2.835000e+09 3.072298e+04
 2.840000e+09 3.084073e+04
 2.845000e+09 3.091139e+04
 2.850000e+09 3.113253e+04
 2.855000e+09 3.118484e+04
 2.860000e+09 3.118768e+04
 2.865000e+09 3.123822e+04
 2.870000e+09 3.140474e+04
 2.875000e+09 3.161098e+04
 2.880000e+09 3.172903e+04
 2.885000e+09 3.178267e+04
 2.890000e+09 3.189250e+04
 2.895000e+09 3.191634e+04
 2.900000e+09 3.180876e+04
 2.905000e+09 3.188510e+04
 2.910000e+09 3.183283e+04
 2.915000e+09 3.203087e+04
 2.920000e+09 3.195577e+04
 2.925000e+09 3.209366e+04
 2.930000e+09 3.205599e+04
 2.935000e+09 3.197628e+04
 2.940000e+09 3.185677e+04
 2.945000e+09 3.190330e+04
 2.950000e+09 3.198015e+04
 2.955000e+09 3.200847e+04
 2.960000e+09 3.190527e+04
 2.965000e+09 3.188767e+04
 2.970000e+09 3.186603e+04
 2.975000e+09 3.179157e+04
 2.980000e+09 3.192342e+04
 2.985000e+09 3.216730e+04
 2.990000e+09 3.200855e+04
 2.995000e+09 3.202474e+04
 3.000000e+09 3.202195e+04
 3.005000e+09 3.191169e+04
 3.010000e+09 3.205099e+04
 3.015000e+09 3.200957e+04
 3.020000e+09 3.202017e+04
 3.025000e+09 3.202232e+04
 3.030000e+09 3.203170e+04
 3.035000e+09 3.225786e+04
 3.040000e+09 3.232293e+04
 3.045000e+09 3.239728e+04
 3.050000e+09 3.254396e+04
 3.055000e+09 3.285389e+04
 3.060000e+09 3.292913e+04
 3.065000e+09 3.319900e+04
 3.070000e+09 3.328696e+04
 3.075000e+09 3.329721e+04
 3.080000e+09 3.347822e+04
 3.085000e+09 3.348102e+04
 3.090000e+09 3.343848e+04
 3.095000e+09 3.339024e+04
 3.100000e+09 3.320539e+04
 3.105000e+09 3.328242e+04
 3.110000e+09 3.298309e+04
 3.115000e+09 3.289142e+04
 3.120000e+09 3.290836e+04
 3.125000e+09 3.296647e+04
 3.130000e+09 3.313286e+04
 3.135000e+09 3.321453e+04
 3.140000e+09 3.321787e+04
 3.145000e+09 3.315688e+04
 3.150000e+09 3.306989e+04
 3.155000e+09 3.324335e+04
 3.160000e+09 3.324383e+04
 3.165000e+09 3.336928e+04
 3.170000e+09 3.337756e+04
 3.175000e+09 3.346632e+04
 3.180000e+09 3.344693e+04
 3.185000e+09 3.347993e+04
 3.190000e+09 3.354759e+04
 3.195000e+09 3.356494e+04
 3.200000e+09 3.376746e+04
 3.205000e+09 3.392290e+04
 3.210000e+09 3.364693e+04
 3.215000e+09 3.378566e+04
 3.220000e+09 3.388093e+04
 3.225000e+09 3.413867e+04
 3.230000e+09 3.419634e+04
 3.235000e+09 3.450498e+04
 3.240000e+09 3.463226e+04
 3.245000e+09 3.458510e+04
 3.250000e+09 3.473141e+04
 3.255000e+09 3.485203e+04
 3.260000e+09 3.472832e+04
 3.265000e+09 3.483078e+04
 3.270000e+09 3.478442e+04
 3.275000e+09 3.483757e+04
 3.280000e+09 3.471841e+04
 3.285000e+09 3.467492e+04
 3.290000e+09 3.472722e+04
 3.295000e+09 3.468288e+04
 3.300000e+09 3.483944e+04
 3.305000e+09 3.471671e+04
 3.310000e+09 3.460777e+04
 3.315000e+09 3.480990e+04
 3.320000e+09 3.507218e+04
 3.325000e+09 3.519838e+04
 3.330000e+09 3.536906e+04
 3.335000e+09 3.533779e+04
 3.340000e+09 3.549749e+04
 3.345000e+09 3.549620e+04
 3.350000e+09 3.559970e+04
 3.355000e+09 3.558556e+04
 3.360000e+09 3.556633e+04
 3.365000e+09 3.547019e+04
 3.370000e+09 3.540517e+04
 3.375000e+09 3.533517e+04
 3.380000e+09 3.522422e+04
 3.385000e+09 3.506082e+04
 3.390000e+09 3.514821e+04
 3.395000e+09 3.516710e+04
 3.400000e+09 3.519105e+04
 3.405000e+09 3.514251e+04
 3.410000e+09 3.519463e+04
 3.415000e+09 3.534524e+04
 3.420000e+09 3.540235e+04
 3.425000e+09 3.556467e+04
 3.430000e+09 3.570701e+04
 3.435000e+09 3.554714e+04
 3.440000e+09 3.564169e+04
 3.445000e+09 3.585922e+04
 3.450000e+09 3.590282e+04
 3.455000e+09 3.591152e+04
 3.460000e+09 3.578167e+04
 3.465000e+09 3.580848e+04
 3.470000e+09 3.598878e+04
 3.475000e+09 3.610848e+04
 3.480000e+09 3.645001e+04
 3.485000e+09 3.656369e+04
 3.490000e+09 3.626480e+04
 3.495000e+09 3.640005e+04
 3.500000e+09 3.643542e+04
 3.505000e+09 3.652808e+04
 3.510000e+09 3.666829e+04
 3.515000e+09 3.643523e+04
 3.520000e+09 3.633917e+04
 3.525000e+09 3.613603e+04
 3.530000e+09 3.613520e+04
 3.535000e+09 3.635535e+04
 3.540000e+09 3.622999e+04
 3.545000e+09 3.607828e+04
 3.550000e+09 3.605102e+04
 3.555000e+09 3.601691e+04
 3.560000e+09 3.596895e+04
 3.565000e+09 3.598678e+04
 3.570000e+09 3.604072e+04
 3.575000e+09 3.599066e+04
 3.580000e+09 3.598645e+04
 3.585000e+09 3.611428e+04
 3.590000e+09 3.615889e+04
 3.595000e+09 3.601888e+04
 3.600000e+09 3.618395e+04
 3.605000e+09 3.616579e+04
 3.610000e+09 3.627996e+04
 3.615000e+09 3.633412e+04
 3.620000e+09 3.658768e+04
 3.625000e+09 3.656948e+04
 3.630000e+09 3.685518e+04
 3.635000e+09 3.718716e+04
 3.640000e+09 3.761392e+04
 3.645000e+09 3.757454e+04
 3.650000e+09 3.774623e+04
 3.655000e+09 3.806527e+04
 3.660000e+09 3.821077e+04
 3.665000e+09 3.841275e+04
 3.670000e+09 3.853398e+04
 3.675000e+09 3.860794e+04
 3.680000e+09 3.877057e+04
 3.685000e+09 3.882352e+04
 3.690000e+09 3.905200e+04
 3.695000e+09 3.912760e+04
 3.700000e+09 3.918433e+04
 3.705000e+09 3.915693e+04
 3.710000e+09 3.922781e+04
 3.715000e+09 3.933907e+04
 3.720000e+09 3.939144e+04
 3.725000e+09 3.921274e+04
 3.730000e+09 3.919549e+04
 3.735000e+09 3.934591e+04
 3.740000e+09 3.908057e+04
 3.745000e+09 3.905340e+04
 3.750000e+09 3.891539e+04
 3.755000e+09 3.882657e+04
 3.760000e+09 3.877001e+04
 3.765000e+09 3.869105e+04
 3.770000e+09 3.859770e+04
 3.775000e+09 3.832774e+04
 3.780000e+09 3.815653e+04
 3.785000e+09 3.806087e+04
 3.790000e+09 3.794764e+04
 3.795000e+09 3.801954e+04
 3.800000e+09 3.816812e+04
 3.805000e+09 3.819790e+04
 3.810000e+09 3.813520e+04
 3.815000e+09 3.829457e+04
 3.820000e+09 3.830554e+04
 3.825000e+09 3.831220e+04
 3.830000e+09 3.851063e+04
 3.835000e+09 3.853265e+04
 3.840000e+09 3.864784e+04
 3.845000e+09 3.847424e+04
 3.850000e+09 3.854686e+04
 3.855000e+09 3.839658e+04
 3.860000e+09 3.851529e+04
 3.865000e+09 3.848475e+04
 3.870000e+09 3.841845e+04
 3.875000e+09 3.824511e+04
 3.880000e+09 3.815903e+04
 3.885000e+09 3.805028e+04
 3.890000e+09 3.784412e+04
 3.895000e+09 3.780831e+04
 3.900000e+09 3.787178e+04
 3.905000e+09 3.768840e+04
 3.910000e+09 3.793348e+04
 3.915000e+09 3.788476e+04
 3.920000e+09 3.786278e+04
 3.925000e+09 3.797227e+04
 3.930000e+09 3.800349e+04
 3.935000e+09 3.823795e+04
 3.940000e+09 3.853648e+04
 3.945000e+09 3.868996e+04
 3.950000e+09 3.885162e+04
 3.955000e+09 3.893271e+04
 3.960000e+09 3.898028e+04
 3.965000e+09 3.923958e+04
 3.970000e+09 3.908747e+04
 3.975000e+09 3.906769e+04
 3.980000e+09 3.894167e+04
 3.985000e+09 3.898594e+04
 3.990000e+09 3.901934e+04
 3.995000e+09 3.903471e+04
 4.000000e+09 3.906195e+04
 4.005000e+09 3.912459e+04
 4.010000e+09 3.901557e+04
 4.015000e+09 3.925189e+04
 4.020000e+09 3.926112e+04
 4.025000e+09 3.925565e+04
 4.030000e+09 3.921338e+04
 4.035000e+09 3.928280e+04
 4.040000e+09 3.931483e+04
 4.045000e+09 3.922448e+04
 4.050000e+09 3.934035e+04
 4.055000e+09 3.936196e+04
 4.060000e+09 3.928948e+04
 4.065000e+09 3.933820e+04
 4.070000e+09 3.931644e+04
 4.075000e+09 3.929219e+04
 4.080000e+09 3.925985e+04
 4.085000e+09 3.933810e+04
 4.090000e+09 3.933085e+04
 4.095000e+09 3.930535e+04
 4.100000e+09 3.937465e+04
 4.105000e+09 3.936109e+04
 4.110000e+09 3.940123e+04
 4.115000e+09 3.950963e+04
 4.120000e+09 3.948063e+04
 4.125000e+09 3.954597e+04
 4.130000e+09 3.935910e+04
 4.135000e+09 3.941840e+04
 4.140000e+09 3.950037e+04
 4.145000e+09 3.950315e+04
 4.150000e+09 3.947451e+04
 4.155000e+09 3.936481e+04
 4.160000e+09 3.943279e+04
 4.165000e+09 3.936828e+04
 4.170000e+09 3.935158e+04
 4.175000e+09 3.958778e+04
 4.180000e+09 3.964044e+04
 4.185000e+09 3.976260e+04
 4.190000e+09 3.980873e+04
 4.195000e+09 4.002570e+04
 4.200000e+09 4.011984e+04
 4.205000e+09 4.004484e+04
 4.210000e+09 4.037556e+04
 4.215000e+09 4.044551e+04
 4.220000e+09 4.049067e+04
 4.225000e+09 4.051866e+04
 4.230000e+09 4.051441e+04
 4.235000e+09 4.069095e+04
 4.240000e+09 4.080362e+04
 4.245000e+09 4.099802e+04
 4.250000e+09 4.108708e+04
 4.255000e+09 4.100357e+04
 4.260000e+09 4.099166e+04
 4.265000e+09 4.096255e+04
 4.270000e+09 4.080364e+04
 4.275000e+09 4.096603e+04
 4.280000e+09 4.097562e+04
 4.285000e+09 4.098914e+04
 4.290000e+09 4.112944e+04
 4.295000e+09 4.110417e+04
 4.300000e+09 4.126703e+04
 4.305000e+09 4.143497e+04
 4.310000e+09 4.157532e+04
 4.315000e+09 4.159046e+04
 4.320000e+09 4.159584e+04
 4.325000e+09 4.150254e+04
 4.330000e+09 4.171605e+04
 4.335000e+09 4.159284e+04
 4.340000e+09 4.142970e+04
 4.345000e+09 4.147858e+04
 4.350000e+09 4.168144e+04
 4.355000e+09 4.161368e+04
 4.360000e+09 4.178473e+04
 4.365000e+09 4.172152e+04
 4.370000e+09 4.196063e+04
 4.375000e+09 4.184522e+04
 4.380000e+09 4.201977e+04
 4.385000e+09 4.219315e+04
 4.390000e+09 4.207781e+04
 4.395000e+09 4.178855e+04
 4.400000e+09 4.190838e+04
 4.405000e+09 4.179102e+04
 4.410000e+09 4.175708e+04
 4.415000e+09 4.168342e+04
 4.420000e+09 4.165762e+04
 4.425000e+09 4.179257e+04
 4.430000e+09 4.174533e+04
 4.435000e+09 4.178258e+04
 4.440000e+09 4.202316e+04
 4.445000e+09 4.237380e+04
 4.450000e+09 4.238819e+04
 4.455000e+09 4.267215e+04
 4.460000e+09 4.288762e+04
 4.465000e+09 4.317458e+04
 4.470000e+09 4.302042e+04
 4.475000e+09 4.310319e+04
 4.480000e+09 4.318893e+04
 4.485000e+09 4.321389e+04
 4.490000e+09 4.309197e+04
 4.495000e+09 4.313442e+04
 4.500000e+09 4.294610e+04
 4.505000e+09 4.279883e+04
 4.510000e+09 4.261742e+04
 4.515000e+09 4.266936e+04
 4.520000e+09 4.272588e+04
 4.525000e+09 4.279290e+04
 4.530000e+09 4.265320e+04
 4.535000e+09 4.276305e+04
 4.540000e+09 4.273872e+04
 4.545000e+09 4.269351e+04
 4.550000e+09 4.290512e+04
 4.555000e+09 4.315731e+04
 4.560000e+09 4.331501e+04
 4.565000e+09 4.340942e+04
 4.570000e+09 4.332091e+04
 4.575000e+09 4.337522e+04
 4.580000e+09 4.336215e+04
 4.585000e+09 4.347095e+04
 4.590000e+09 4.326913e+04
 4.595000e+09 4.293722e+04
 4.600000e+09 4.278578e+04
 4.605000e+09 4.262404e+04
 4.610000e+09 4.250731e+04
 4.615000e+09 4.250505e+04
 4.620000e+09 4.235326e+04
 4.625000e+09 4.215362e+04
 4.630000e+09 4.203152e+04
 4.635000e+09 4.220777e+04
 4.640000e+09 4.234840e+04
 4.645000e+09 4.241327e+04
 4.650000e+09 4.242565e+04
 4.655000e+09 4.231360e+04
 4.660000e+09 4.227809e+04
 4.665000e+09 4.232954e+04
 4.670000e+09 4.260746e+04
 4.675000e+09 4.256291e+04
 4.680000e+09 4.261105e+04
 4.685000e+09 4.264964e+04
 4.690000e+09 4.260682e+04
 4.695000e+09 4.272830e+04
 4.700000e+09 4.274701e+04
 4.705000e+09 4.304223e+04
 4.710000e+09 4.314211e+04
 4.715000e+09 4.319228e+04
 4.720000e+09 4.334838e+04
 4.725000e+09 4.355547e+04
 4.730000e+09 4.386433e+04
 4.735000e+09 4.398993e+04
 4.740000e+09 4.424079e+04
 4.745000e+09 4.424766e+04
 4.750000e+09 4.424947e+04
 4.755000e+09 4.424427e+04
 4.760000e+09 4.428122e+04
 4.765000e+09 4.411119e+04
 4.770000e+09 4.410270e+04
 4.775000e+09 4.404568e+04
 4.780000e+09 4.410418e+04
 4.785000e+09 4.399089e+04
 4.790000e+09 4.421203e+04
 4.795000e+09 4.428590e+04
 4.800000e+09 4.423507e+04
 4.805000e+09 4.429689e+04
 4.810000e+09 4.445265e+04
 4.815000e+09 4.418674e+04
 4.820000e+09 4.421846e+04
 4.825000e+09 4.431697e+04
 4.830000e+09 4.454961e+04
 4.835000e+09 4.448296e+04
 4.840000e+09 4.453454e+04
 4.845000e+09 4.448304e+04
 4.850000e+09 4.471193e+04
 4.855000e+09 4.479510e+04
 4.860000e+09 4.507567e+04
 4.865000e+09 4.507145e+04
 4.870000e+09 4.508653e+04
 4.875000e+09 4.514114e+04
 4.880000e+09 4.513434e+04
 4.885000e+09 4.518468e+04
 4.890000e+09 4.534611e+04
 4.895000e+09 4.514707e+04
 4.900000e+09 4.519031e+04
 4.905000e+09 4.516809e+04
 4.910000e+09 4.513278e+04
 4.915000e+09 4.492246e+04
 4.920000e+09 4.476011e+04
 4.925000e+09 4.489618e+04
 4.930000e+09 4.464602e+04
 4.935000e+09 4.462120e+04
 4.940000e+09 4.444110e+04
 4.945000e+09 4.440452e+04
 4.950000e+09 4.457571e+04
 4.955000e+09 4.463923e+04
 4.960000e+09 4.489263e+04
 4.965000e+09 4.519690e+04
 4.970000e+09 4.523383e+04
 4.975000e+09 4.522670e+04
 4.980000e+09 4.538312e+04
 4.985000e+09 4.560719e+04
 4.990000e+09 4.562977e+04
 4.995000e+09 4.542523e+04
 5.000000e+09 4.540021e+04
 5.005000e+09 4.529618e+04
 5.010000e+09 4.518608e+04
 5.015000e+09 4.542190e+04
 5.020000e+09 4.568447e+04
 5.025000e+09 4.556831e+04
 5.030000e+09 4.563201e+04
 5.035000e+09 4.571665e+04
 5.040000e+09 4.578976e+04
 5.045000e+09 4.557608e+04
 5.050000e+09 4.576462e+04
 5.055000e+09 4.588902e+04
 5.060000e+09 4.590071e+04
 5.065000e+09 4.589333e+04
 5.070000e+09 4.582898e+04
 5.075000e+09 4.594539e+04
 5.080000e+09 4.581853e+04
 5.085000e+09 4.571848e+04
 5.090000e+09 4.574277e+04
 5.095000e+09 4.570877e+04
 5.100000e+09 4.560859e+04
 5.105000e+09 4.535063e+04
 5.110000e+09 4.534697e+04
 5.115000e+09 4.545737e+04
 5.120000e+09 4.549109e+04
 5.125000e+09 4.548711e+04
 5.130000e+09 4.565065e+04
 5.135000e+09 4.569674e+04
 5.140000e+09 4.560895e+04
 5.145000e+09 4.560346e+04
 5.150000e+09 4.564013e+04
 5.155000e+09 4.578275e+04
 5.160000e+09 4.575929e+04
 5.165000e+09 4.576340e+04
 5.170000e+09 4.590490e+04
 5.175000e+09 4.588397e+04
 5.180000e+09 4.593696e+04
 5.185000e+09 4.589949e+04
 5.190000e+09 4.570935e+04
 5.195000e+09 4.557944e+04
 5.200000e+09 4.542000e+04
 5.205000e+09 4.521058e+04
 5.210000e+09 4.525243e+04
 5.215000e+09 4.529153e+04
 5.220000e+09 4.522283e+04
 5.225000e+09 4.521548e+04
 5.230000e+09 4.544547e+04
 5.235000e+09 4.553193e+04
 5.240000e+09 4.573482e+04
 5.245000e+09 4.577688e+04
 5.250000e+09 4.593699e+04
 5.255000e+09 4.575870e+04
 5.260000e+09 4.576347e+04
 5.265000e+09 4.573003e+04
 5.270000e+09 4.573291e+04
 5.275000e+09 4.568717e+04
 5.280000e+09 4.565915e+04
 5.285000e+09 4.561200e+04
 5.290000e+09 4.560234e+04
 5.295000e+09 4.542767e+04
 5.300000e+09 4.561425e+04
 5.305000e+09 4.560933e+04
 5.310000e+09 4.580186e+04
 5.315000e+09 4.581597e+04
 5.320000e+09 4.583234e+04
 5.325000e+09 4.610825e+04
 5.330000e+09 4.630948e+04
 5.335000e+09 4.633998e+04
 5.340000e+09 4.666549e+04
 5.345000e+09 4.670439e+04
 5.350000e+09 4.674323e+04
 5.355000e+09 4.673404e+04
 5.360000e+09 4.669560e+04
 5.365000e+09 4.664751e+04
 5.370000e+09 4.652645e+04
 5.375000e+09 4.643468e+04
 5.380000e+09 4.668789e+04
 5.385000e+09 4.668075e+04
 5.390000e+09 4.645046e+04
 5.395000e+09 4.671495e+04
 5.400000e+09 4.682009e+04
 5.405000e+09 4.688019e+04
 5.410000e+09 4.699388e+04
 5.415000e+09 4.713576e+04
 5.420000e+09 4.721987e+04
 5.425000e+09 4.699044e+04
 5.430000e+09 4.683243e+04
 5.435000e+09 4.679800e+04
 5.440000e+09 4.681876e+04
 5.445000e+09 4.680862e+04
 5.450000e+09 4.675247e+04
 5.455000e+09 4.628975e+04
 5.460000e+09 4.610164e+04
 5.465000e+09 4.596510e+04
 5.470000e+09 4.606550e+04
 5.475000e+09 4.631668e+04
 5.480000e+09 4.613821e+04
 5.485000e+09 4.597183e+04
 5.490000e+09 4.594760e+04
 5.495000e+09 4.603977e+04
 5.500000e+09 4.638994e+04
 5.505000e+09 4.647619e+04
 5.510000e+09 4.639049e+04
 5.515000e+09 4.627406e+04
 5.520000e+09 4.619564e+04
 5.525000e+09 4.641244e+04
 5.530000e+09 4.642237e+04
 5.535000e+09 4.651070e+04
 5.540000e+09 4.651792e+04
 5.545000e+09 4.663472e+04
 5.550000e+09 4.672526e+04
 5.555000e+09 4.690168e+04
 5.560000e+09 4.707601e+04
 5.565000e+09 4.726709e+04
 5.570000e+09 4.731206e+04
 5.575000e+09 4.747675e+04
 5.580000e+09 4.747497e+04
 5.585000e+09 4.749889e+04
 5.590000e+09 4.761044e+04
 5.595000e+09 4.751540e+04
 5.600000e+09 4.769392e+04
 5.605000e+09 4.790525e+04
 5.610000e+09 4.790453e+04
 5.615000e+09 4.798167e+04
 5.620000e+09 4.793287e+04
 5.625000e+09 4.804102e+04
 5.630000e+09 4.796179e+04
 5.635000e+09 4.793511e+04
 5.640000e+09 4.790198e+04
 5.645000e+09 4.779317e+04
 5.650000e+09 4.786399e+04
 5.655000e+09 4.795752e+04
 5.660000e+09 4.814461e+04
 5.665000e+09 4.828433e+04
 5.670000e+09 4.824420e+04
 5.675000e+09 4.832213e+04
 5.680000e+09 4.830741e+04
 5.685000e+09 4.836466e+04
 5.690000e+09 4.852846e+04
 5.695000e+09 4.832831e+04
 5.700000e+09 4.819165e+04
 5.705000e+09 4.797276e+04
 5.710000e+09 4.799097e+04
 5.715000e+09 4.811343e+04
 5.720000e+09 4.811338e+04
 5.725000e+09 4.840793e+04
 5.730000e+09 4.847211e+04
 5.735000e+09 4.840304e+04
 5.740000e+09 4.845961e+04
 5.745000e+09 4.840627e+04
 5.750000e+09 4.864273e+04
 5.755000e+09 4.853775e+04
 5.760000e+09 4.849531e+04
 5.765000e+09 4.849264e+04
 5.770000e+09 4.824543e+04
 5.775000e+09 4.842215e+04
 5.780000e+09 4.848332e+04
 5.785000e+09 4.837730e+04
 5.790000e+09 4.840915e+04
 5.795000e+09 4.834556e+04
 5.800000e+09 4.843652e+04
 5.805000e+09 4.817422e+04
 5.810000e+09 4.819945e+04
 5.815000e+09 4.829454e+04
 5.820000e+09 4.814875e+04
 5.825000e+09 4.805364e+04
 5.830000e+09 4.829720e+04
 5.835000e+09 4.841152e+04
 5.840000e+09 4.848991e+04
 5.845000e+09 4.862271e+04
 5.850000e+09 4.888240e+04
 5.855000e+09 4.895247e+04
 5.860000e+09 4.892846e+04
 5.865000e+09 4.896353e+04
 5.870000e+09 4.913762e+04
 5.875000e+09 4.903818e+04
 5.880000e+09 4.910930e+04
 5.885000e+09 4.913843e+04
 5.890000e+09 4.909982e+04
 5.895000e+09 4.916276e+04
 5.900000e+09 4.912228e+04
 5.905000e+09 4.927174e+04
 5.910000e+09 4.945985e+04
 5.915000e+09 4.952828e+04
 5.920000e+09 4.965199e+04
 5.925000e+09 4.959942e+04
 5.930000e+09 4.966313e+04
 5.935000e+09 4.978012e+04
 5.940000e+09 4.986756e+04
 5.945000e+09 4.981740e+04
 5.950000e+09 4.970783e+04
 5.955000e+09 4.940893e+04
 5.960000e+09 4.936079e+04
 5.965000e+09 4.930867e+04
 5.970000e+09 4.925399e+04
 5.975000e+09 4.909805e+04
 5.980000e+09 4.884461e+04
 5.985000e+09 4.879207e+04
 5.990000e+09 4.896882e+04
 5.995000e+09 4.895155e+04
 6.000000e+09 4.903584e+04
 6.005000e+09 4.903554e+04
 6.010000e+09 4.900517e+04
 6.015000e+09 4.907704e+04
 6.020000e+09 4.918457e+04
 6.025000e+09 4.917170e+04
 6.030000e+09 4.940468e+04
 6.035000e+09 4.927357e+04
 6.040000e+09 4.953859e+04
 6.045000e+09 4.982853e+04
 6.050000e+09 4.986101e+04
 6.055000e+09 4.981671e+04
 6.060000e+09 4.979359e+04
 6.065000e+09 4.991287e+04
 6.070000e+09 4.983317e+04
 6.075000e+09 4.978798e+04
 6.080000e+09 5.003466e+04
 6.085000e+09 4.990319e+04
 6.090000e+09 4.985499e+04
 6.095000e+09 4.987206e+04
 6.100000e+09 4.990678e+04
 6.105000e+09 4.997475e+04
 6.110000e+09 5.003028e+04
 6.115000e+09 5.010820e+04
 6.120000e+09 4.997322e+04
 6.125000e+09 4.975544e+04
 6.130000e+09 4.986120e+04
 6.135000e+09 4.988522e+04
 6.140000e+09 5.008852e+04
 6.145000e+09 5.016911e+04
 6.150000e+09 5.048285e+04
 6.155000e+09 5.043052e+04
 6.160000e+09 5.060682e+04
 6.165000e+09 5.079012e+04
 6.170000e+09 5.109947e+04
 6.175000e+09 5.127992e+04
 6.180000e+09 5.126407e+04
 6.185000e+09 5.137815e+04
 6.190000e+09 5.136338e+04
 6.195000e+09 5.117719e+04
 6.200000e+09 5.137261e+04
 6.205000e+09 5.125079e+04
 6.210000e+09 5.122100e+04
 6.215000e+09 5.099308e+04
 6.220000e+09 5.072005e+04
 6.225000e+09 5.080550e+04
 6.230000e+09 5.076704e+04
 6.235000e+09 5.093241e+04
 6.240000e+09 5.082448e+04
 6.245000e+09 5.058886e+04
 6.250000e+09 5.038607e+04
 6.255000e+09 5.027525e+04
 6.260000e+09 5.034685e+04
 6.265000e+09 5.045921e+04
 6.270000e+09 5.031922e+04
 6.275000e+09 5.020269e+04
 6.280000e+09 4.990792e+04
 6.285000e+09 4.999727e+04
 6.290000e+09 5.014335e+04
 6.295000e+09 5.026904e+04
 6.300000e+09 5.045690e+04
 6.305000e+09 5.063233e+04
 6.310000e+09 5.058042e+04
 6.315000e+09 5.063503e+04
 6.320000e+09 5.078541e+04
 6.325000e+09 5.095650e+04
 6.330000e+09 5.117962e+04
 6.335000e+09 5.116928e+04
 6.340000e+09 5.103119e+04
 6.345000e+09 5.110703e+04
 6.350000e+09 5.108316e+04
 6.355000e+09 5.124835e+04
 6.360000e+09 5.132336e+04
 6.365000e+09 5.123487e+04
 6.370000e+09 5.133148e+04
 6.375000e+09 5.128625e+04
 6.380000e+09 5.146975e+04
 6.385000e+09 5.172453e+04
 6.390000e+09 5.181684e+04
 6.395000e+09 5.178756e+04
 6.400000e+09 5.187383e+04
 6.405000e+09 5.199556e+04
 6.410000e+09 5.189213e+04
 6.415000e+09 5.201521e+04
 6.420000e+09 5.175935e+04
 6.425000e+09 5.184375e+04
 6.430000e+09 5.165997e+04
 6.435000e+09 5.155972e+04
 6.440000e+09 5.183200e+04
 6.445000e+09 5.188434e+04
 6.450000e+09 5.178933e+04
 6.455000e+09 5.166438e+04
 6.460000e+09 5.171064e+04
 6.465000e+09 5.169361e+04
 6.470000e+09 5.150804e+04
 6.475000e+09 5.137345e+04
 6.480000e+09 5.117711e+04
 6.485000e+09 5.086140e+04
 6.490000e+09 5.077045e+04
 6.495000e+09 5.083165e+04
 6.500000e+09 5.097740e+04
 6.505000e+09 5.083683e+04
 6.510000e+09 5.085266e+04
 6.515000e+09 5.089111e+04
 6.520000e+09 5.094134e+04
 6.525000e+09 5.128127e+04
 6.530000e+09 5.137996e+04
 6.535000e+09 5.147955e+04
 6.540000e+09 5.132181e+04
 6.545000e+09 5.135760e+04
 6.550000e+09 5.135470e+04
 6.555000e+09 5.149509e+04
 6.560000e+09 5.145134e+04
 6.565000e+09 5.160279e+04
 6.570000e+09 5.139367e+04
 6.575000e+09 5.132620e+04
 6.580000e+09 5.160521e+04
 6.585000e+09 5.180748e+04
 6.590000e+09 5.184197e+04
 6.595000e+09 5.208968e+04
 6.600000e+09 5.218351e+04
 6.605000e+09 5.241996e+04
 6.610000e+09 5.243771e+04
 6.615000e+09 5.275069e+04
 6.620000e+09 5.280812e+04
 6.625000e+09 5.270820e+04
 6.630000e+09 5.269058e+04
 6.635000e+09 5.262501e+04
 6.640000e+09 5.257199e+04
 6.645000e+09 5.272749e+04
 6.650000e+09 5.258748e+04
 6.655000e+09 5.258538e+04
 6.660000e+09 5.262662e+04
 6.665000e+09 5.278827e+04
 6.670000e+09 5.288487e+04
 6.675000e+09 5.282507e+04
 6.680000e+09 5.299891e+04
 6.685000e+09 5.300179e+04
 6.690000e+09 5.303916e+04
 6.695000e+09 5.339400e+04
 6.700000e+09 5.350601e+04
 6.705000e+09 5.344575e+04
 6.710000e+09 5.346354e+04
 6.715000e+09 5.361885e+04
 6.720000e+09 5.398707e+04
 6.725000e+09 5.401248e+04
 6.730000e+09 5.422290e+04
 6.735000e+09 5.443389e+04
 6.740000e+09 5.431571e+04
 6.745000e+09 5.433865e+04
 6.750000e+09 5.437003e+04
 6.755000e+09 5.423206e+04
 6.760000e+09 5.417775e+04
 6.765000e+09 5.392601e+04
 6.770000e+09 5.411135e+04
 6.775000e+09 5.424039e+04
 6.780000e+09 5.413351e+04
 6.785000e+09 5.413022e+04
 6.790000e+09 5.419119e+04
 6.795000e+09 5.426105e+04
 6.800000e+09 5.432156e+04
 6.805000e+09 5.421381e+04
 6.810000e+09 5.428021e+04
 6.815000e+09 5.408283e+04
 6.820000e+09 5.395905e+04
 6.825000e+09 5.415723e+04
 6.830000e+09 5.417735e+04
 6.835000e+09 5.408960e+04
 6.840000e+09 5.420653e+04
 6.845000e+09 5.420028e+04
 6.850000e+09 5.427847e+04
 6.855000e+09 5.447645e+04
 6.860000e+09 5.459741e+04
 6.865000e+09 5.452830e+04
 6.870000e+09 5.439968e+04
 6.875000e+09 5.439218e+04
 6.880000e+09 5.445438e+04
 6.885000e+09 5.437438e+04
 6.890000e+09 5.435365e+04
 6.895000e+09 5.442400e+04
 6.900000e+09 5.444543e+04
 6.905000e+09 5.450413e+04
 6.910000e+09 5.460951e+04
 6.915000e+09 5.491190e+04
 6.920000e+09 5.483300e+04
 6.925000e+09 5.489823e+04
 6.930000e+09 5.512516e+04
 6.935000e+09 5.523812e+04
 6.940000e+09 5.509489e+04
 6.945000e+09 5.481793e+04
 6.950000e+09 5.463560e+04
 6.955000e+09 5.470149e+04
 6.960000e+09 5.466949e+04
 6.965000e+09 5.480336e+04
 6.970000e+09 5.476912e+04
 7.025000e+09 5.460699e+04
 7.030000e+09 5.458113e+04
 7.035000e+09 5.474364e+04
 7.040000e+09 5.462984e+04
 7.045000e+09 5.468714e+04
 7.050000e+09 5.472205e+04
 7.055000e+09 5.480793e+04
 7.060000e+09 5.480874e+04
 7.065000e+09 5.476587e+04
 7.070000e+09 5.493277e+04
 7.075000e+09 5.476490e+04
 7.080000e+09 5.463396e+04
 7.085000e+09 5.483292e+04
 7.090000e+09 5.494066e+04
 7.095000e+09 5.487662e+04
 7.100000e+09 5.457362e+04
 7.105000e+09 5.453679e+04
 7.110000e+09 5.455280e+04
 7.115000e+09 5.452942e+04
 7.120000e+09 5.461704e+04
 7.125000e+09 5.459614e+04
 7.130000e+09 5.436537e+04
 7.135000e+09 5.432665e+04
 7.140000e+09 5.429025e+04
 7.145000e+09 5.447024e+04
 7.150000e+09 5.464800e+04
 7.155000e+09 5.483259e+04
 7.160000e+09 5.480121e+04
 7.165000e+09 5.510133e+04
 7.170000e+09 5.528479e+04
 7.175000e+09 5.554974e+04
 7.180000e+09 5.563809e+04
 7.185000e+09 5.574877e+04
 7.190000e+09 5.579881e+04
 7.195000e+09 5.579708e+04
 7.200000e+09 5.581269e+04
 7.205000e+09 5.601963e+04
 7.210000e+09 5.603956e+04
 7.215000e+09 5.594028e+04
 7.220000e+09 5.593611e+04
 7.225000e+09 5.579390e+04
 7.230000e+09 5.615710e+04
 7.235000e+09 5.596093e+04
 7.240000e+09 5.608892e+04
 7.245000e+09 5.641540e+04
 7.250000e+09 5.622649e+04
 7.255000e+09 5.641636e+04
 7.260000e+09 5.649857e+04
 7.265000e+09 5.670776e+04
 7.270000e+09 5.690630e+04
 7.275000e+09 5.683082e+04
 7.280000e+09 5.702911e+04
 7.285000e+09 5.708973e+04
 7.290000e+09 5.715158e+04
 7.295000e+09 5.705803e+04
 7.300000e+09 5.685144e+04
 7.305000e+09 5.696480e+04
 7.310000e+09 5.705189e+04
 7.315000e+09 5.714634e+04
 7.320000e+09 5.721095e+04
 7.325000e+09 5.726310e+04
 7.330000e+09 5.716041e+04
 7.335000e+09 5.720974e+04
 7.340000e+09 5.751763e+04
 7.345000e+09 5.747526e+04
 7.350000e+09 5.735149e+04
 7.355000e+09 5.740525e+04
 7.360000e+09 5.740445e+04
 7.365000e+09 5.717163e+04
 7.370000e+09 5.711049e+04
 7.375000e+09 5.719474e+04
 7.380000e+09 5.710328e+04
 7.385000e+09 5.711344e+04
 7.390000e+09 5.735356e+04
 7.395000e+09 5.728344e+04
 7.400000e+09 5.709068e+04
 7.405000e+09 5.701709e+04
 7.410000e+09 5.721714e+04
 7.415000e+09 5.711504e+04
 7.420000e+09 5.708745e+04
 7.425000e+09 5.722763e+04
 7.430000e+09 5.741164e+04
 7.435000e+09 5.729709e+04
 7.440000e+09 5.738920e+04
 7.445000e+09 5.755142e+04
 7.450000e+09 5.748750e+04
 7.455000e+09 5.750856e+04
 7.460000e+09 5.777157e+04
 7.465000e+09 5.770488e+04
 7.470000e+09 5.779452e+04
 7.475000e+09 5.778167e+04
 7.480000e+09 5.775374e+04
 7.485000e+09 5.779113e+04
 7.490000e+09 5.785824e+04
 7.495000e+09 5.800958e+04
 7.500000e+09 5.787808e+04
 7.505000e+09 5.784644e+04
 7.510000e+09 5.789713e+04
 7.515000e+09 5.808416e+04
 7.520000e+09 5.815512e+04
 7.525000e+09 5.821590e+04
 7.530000e+09 5.809171e+04
 7.535000e+09 5.800478e+04
 7.540000e+09 5.793483e+04
 7.545000e+09 5.806958e+04
 7.550000e+09 5.789941e+04
 7.555000e+09 5.785900e+04
 7.560000e+09 5.776170e+04
 7.565000e+09 5.761430e+04
 7.570000e+09 5.781821e+04
 7.575000e+09 5.794590e+04
 7.580000e+09 5.805009e+04
 7.585000e+09 5.814655e+04
 7.590000e+09 5.803340e+04
 7.595000e+09 5.837872e+04
 7.600000e+09 5.838910e+04
 7.605000e+09 5.841237e+04
 7.610000e+09 5.843657e+04
 7.615000e+09 5.833365e+04
 7.620000e+09 5.848353e+04
 7.625000e+09 5.858710e+04
 7.630000e+09 5.872833e+04
 7.635000e+09 5.881405e+04
 7.640000e+09 5.900757e+04
 7.645000e+09 5.895939e+04
 7.650000e+09 5.897791e+04
 7.655000e+09 5.907574e+04
 7.660000e+09 5.906255e+04
 7.665000e+09 5.888012e+04
 7.670000e+09 5.867790e+04
 7.675000e+09 5.839712e+04
 7.680000e+09 5.829091e+04
 7.685000e+09 5.822314e+04
 7.690000e+09 5.836133e+04
 7.695000e+09 5.836355e+04
 7.700000e+09 5.822129e+04
 7.705000e+09 5.816189e+04
 7.710000e+09 5.811939e+04
 7.715000e+09 5.810402e+04
 7.720000e+09 5.842829e+04
 7.725000e+09 5.864303e+04
 7.730000e+09 5.857478e+04
 7.735000e+09 5.849208e+04
 7.740000e+09 5.858116e+04
 7.745000e+09 5.895441e+04
 7.750000e+09 5.931155e+04
 7.755000e+09 5.949650e+04
 7.760000e+09 5.962658e+04
 7.765000e+09 5.953332e+04
 7.770000e+09 5.953387e+04
 7.775000e+09 5.953069e+04
 7.780000e+09 5.934081e+04
 7.785000e+09 5.933146e+04
 7.790000e+09 5.934140e+04
 7.795000e+09 5.922436e+04
 7.800000e+09 5.934150e+04
 7.805000e+09 5.944091e+04
 7.810000e+09 5.943474e+04
 7.815000e+09 5.913809e+04
 7.820000e+09 5.931076e+04
 7.825000e+09 5.950859e+04
 7.830000e+09 5.941701e+04
 7.835000e+09 5.924965e+04
 7.840000e+09 5.932095e+04
 7.845000e+09 5.934372e+04
 7.850000e+09 5.940699e+04
 7.855000e+09 5.950007e+04
 7.860000e+09 5.955437e+04
 7.865000e+09 5.943750e+04
 7.870000e+09 5.943936e+04
 7.875000e+09 5.950222e+04
 7.880000e+09 5.941431e+04
 7.885000e+09 5.932191e+04
 7.890000e+09 5.917204e+04
 7.895000e+09 5.915952e+04
 7.900000e+09 5.911497e+04
 7.905000e+09 5.926192e+04
 7.910000e+09 5.917101e+04
 7.915000e+09 5.931792e+04
 7.920000e+09 5.921571e+04
 7.925000e+09 5.936294e+04
 7.930000e+09 5.952029e+04
 7.935000e+09 5.962820e+04
 7.940000e+09 5.958360e+04
 7.945000e+09 5.962010e+04
 7.950000e+09 5.974773e+04
 7.955000e+09 5.965936e+04
 7.960000e+09 5.934755e+04
 7.965000e+09 5.932213e+04
 7.970000e+09 5.941840e+04
 7.975000e+09 5.946343e+04
 7.980000e+09 5.973033e+04
 7.985000e+09 5.970086e+04
 7.990000e+09 5.980254e+04
 7.995000e+09 5.973484e+04
 8.000000e+09 5.991765e+04
 8.005000e+09 6.004778e+04
 8.010000e+09 6.015813e+04
 8.015000e+09 6.003040e+04
 8.020000e+09 5.991115e+04
 8.025000e+09 5.983469e+04
 8.030000e+09 5.992145e+04
 8.035000e+09 5.984545e+04
 8.040000e+09 5.980928e+04
 8.045000e+09 5.980630e+04
 8.050000e+09 5.975533e+04
 8.055000e+09 5.952412e+04
 8.060000e+09 5.943537e+04
 8.065000e+09 5.961923e+04
 8.070000e+09 5.968259e+04
 8.075000e+09 5.970458e+04
 8.080000e+09 5.984271e+04
 8.085000e+09 5.984683e+04
 8.090000e+09 5.983808e+04
 8.095000e+09 6.016480e+04
 8.100000e+09 6.031404e+04
 8.105000e+09 6.045704e+04
 8.110000e+09 6.030865e+04
 8.115000e+09 6.050623e+04
 8.120000e+09 6.059892e+04
 8.125000e+09 6.087337e+04
 8.130000e+09 6.101498e+04
 8.135000e+09 6.102119e+04
 8.140000e+09 6.087885e+04
 8.145000e+09 6.099427e+04
 8.150000e+09 6.078060e+04
 8.155000e+09 6.067619e+04
 8.160000e+09 6.043142e+04
 8.165000e+09 6.050089e+04
 8.170000e+09 6.038475e+04
 8.175000e+09 6.061672e+04
 8.180000e+09 6.087268e+04
 8.185000e+09 6.098543e+04
 8.190000e+09 6.113271e+04
 8.195000e+09 6.139527e+04
 8.200000e+09 6.160899e+04
 8.205000e+09 6.169811e+04
 8.210000e+09 6.176404e+04
 8.215000e+09 6.177687e+04
 8.220000e+09 6.156909e+04
 8.225000e+09 6.144710e+04
 8.230000e+09 6.147916e+04
 8.235000e+09 6.170283e+04
 8.240000e+09 6.162308e+04
 8.245000e+09 6.149037e+04
 8.250000e+09 6.164952e+04
 8.255000e+09 6.155779e+04
 8.260000e+09 6.135079e+04
 8.265000e+09 6.152363e+04
 8.270000e+09 6.165240e+04
 8.275000e+09 6.146974e+04
 8.280000e+09 6.164078e+04
 8.285000e+09 6.185765e+04
 8.290000e+09 6.190526e+04
 8.295000e+09 6.170126e+04
 8.300000e+09 6.187874e+04
 8.305000e+09 6.200917e+04
 8.310000e+09 6.190244e+04
 8.315000e+09 6.191980e+04
 8.320000e+09 6.204020e+04
 8.325000e+09 6.179874e+04
 8.330000e+09 6.177260e+04
 8.335000e+09 6.190170e+04
 8.340000e+09 6.197275e+04
 8.345000e+09 6.181388e+04
 8.350000e+09 6.165212e+04
 8.355000e+09 6.164723e+04
 8.360000e+09 6.171971e+04
 8.365000e+09 6.153633e+04
 8.370000e+09 6.140451e+04
 8.375000e+09 6.146385e+04
 8.380000e+09 6.155930e+04
 8.385000e+09 6.168016e+04
 8.390000e+09 6.174189e+04
 8.395000e+09 6.184409e+04
 8.400000e+09 6.160819e+04
 8.405000e+09 6.167405e+04
 8.410000e+09 6.192789e+04
 8.415000e+09 6.189450e+04
 8.420000e+09 6.190701e+04
 8.425000e+09 6.182721e+04
 8.430000e+09 6.170239e+04
 8.435000e+09 6.189665e+04
 8.440000e+09 6.188867e+04
 8.445000e+09 6.222971e+04
 8.450000e+09 6.236143e+04
 8.455000e+09 6.231180e+04
 8.460000e+09 6.248144e+04
 8.465000e+09 6.254711e+04
 8.470000e+09 6.278564e+04
 8.475000e+09 6.289604e+04
 8.480000e+09 6.310643e+04
 8.485000e+09 6.313144e+04
 8.490000e+09 6.308428e+04
 8.495000e+09 6.312429e+04
 8.500000e+09 6.303789e+04
 8.505000e+09 6.291453e+04
 8.510000e+09 6.287888e+04
 8.515000e+09 6.293980e+04
 8.520000e+09 6.290438e+04
 8.525000e+09 6.280055e+04
 8.530000e+09 6.292972e+04
 8.535000e+09 6.300259e+04
 8.540000e+09 6.292550e+04
 8.545000e+09 6.294937e+04
 8.550000e+09 6.304692e+04
 8.555000e+09 6.289576e+04
 8.560000e+09 6.288219e+04
 8.565000e+09 6.337126e+04
 8.570000e+09 6.343307e+04
 8.575000e+09 6.346316e+04
 8.580000e+09 6.339938e+04
 8.585000e+09 6.342902e+04
 8.590000e+09 6.345315e+04
 8.595000e+09 6.345140e+04
 8.600000e+09 6.367977e+04
 8.605000e+09 6.374861e+04
 8.610000e+09 6.350012e+04
 8.615000e+09 6.337008e+04
 8.620000e+09 6.333703e+04
 8.625000e+09 6.360598e+04
 8.630000e+09 6.365404e+04
 8.635000e+09 6.360324e+04
 8.640000e+09 6.345513e+04
 8.645000e+09 6.324407e+04
 8.650000e+09 6.318504e+04
 8.655000e+09 6.312745e+04
 8.660000e+09 6.329236e+04
 8.665000e+09 6.341603e+04
 8.670000e+09 6.334286e+04
 8.675000e+09 6.342288e+04
 8.680000e+09 6.358379e+04
 8.685000e+09 6.364929e+04
 8.690000e+09 6.402973e+04
 8.695000e+09 6.429008e+04
 8.700000e+09 6.435748e+04
 8.705000e+09 6.439890e+04
 8.710000e+09 6.438486e+04
 8.715000e+09 6.443559e+04
 8.720000e+09 6.474795e+04
 8.725000e+09 6.493395e+04
 8.730000e+09 6.480263e+04
 8.735000e+09 6.454809e+04
 8.740000e+09 6.446032e+04
 8.745000e+09 6.460413e+04
 8.750000e+09 6.457759e+04
 8.755000e+09 6.435031e+04
 8.760000e+09 6.427617e+04
 8.765000e+09 6.418174e+04
 8.770000e+09 6.414207e+04
 8.775000e+09 6.423020e+04
 8.780000e+09 6.445472e+04
 8.785000e+09 6.457026e+04
 8.790000e+09 6.462577e+04
 8.795000e+09 6.483484e+04
 8.800000e+09 6.486054e+04
 8.805000e+09 6.478740e+04
 8.810000e+09 6.474929e+04
 8.815000e+09 6.470720e+04
 8.820000e+09 6.490985e+04
 8.825000e+09 6.459921e+04
 8.830000e+09 6.463490e+04
 8.835000e+09 6.481497e+04
 8.840000e+09 6.486056e+04
 8.845000e+09 6.504824e+04
 8.850000e+09 6.505823e+04
 8.855000e+09 6.511796e+04
 8.860000e+09 6.498154e+04
 8.865000e+09 6.529463e+04
 8.870000e+09 6.535890e+04
 8.875000e+09 6.516560e+04
 8.880000e+09 6.504223e+04
 8.885000e+09 6.493802e+04
 8.890000e+09 6.510102e+04
 8.895000e+09 6.528762e+04
 8.900000e+09 6.536834e+04
 8.905000e+09 6.565567e+04
 8.910000e+09 6.558514e+04
 8.915000e+09 6.582860e+04
 8.920000e+09 6.591564e+04
 8.925000e+09 6.591662e+04
 8.930000e+09 6.590997e+04
 8.935000e+09 6.572353e+04
 8.940000e+09 6.565986e+04
 8.945000e+09 6.562448e+04
 8.950000e+09 6.561323e+04
 8.955000e+09 6.557161e+04
 8.960000e+09 6.535337e+04
 8.965000e+09 6.522735e+04
 8.970000e+09 6.537851e+04
 8.975000e+09 6.539372e+04
 8.980000e+09 6.530699e+04
 8.985000e+09 6.514502e+04
 8.990000e+09 6.507264e+04
 8.995000e+09 6.519686e+04
 9.000000e+09 6.517839e+04
 9.005000e+09 6.523567e+04
 9.010000e+09 6.524228e+04
 9.015000e+09 6.525347e+04
 9.020000e+09 6.536928e+04
 9.025000e+09 6.560135e+04
 9.030000e+09 6.588116e+04
 9.035000e+09 6.587809e+04
 9.040000e+09 6.580452e+04
 9.045000e+09 6.591235e+04
 9.050000e+09 6.580497e+04
 9.055000e+09 6.573082e+04
 9.060000e+09 6.577575e+04
 9.065000e+09 6.585324e+04
 9.070000e+09 6.557109e+04
 9.075000e+09 6.560811e+04
 9.080000e+09 6.562252e+04
 9.085000e+09 6.544329e+04
 9.090000e+09 6.548538e+04
 9.095000e+09 6.582203e+04
 9.100000e+09 6.607501e+04
 9.105000e+09 6.610337e+04
 9.110000e+09 6.609600e+04
 9.115000e+09 6.614552e+04
 9.120000e+09 6.606782e+04
 9.125000e+09 6.626936e+04
 9.130000e+09 6.645297e+04
 9.135000e+09 6.662446e+04
 9.140000e+09 6.679536e+04
 9.145000e+09 6.675871e+04
 9.150000e+09 6.689652e+04
 9.155000e+09 6.708885e+04
 9.160000e+09 6.726052e+04
 9.165000e+09 6.728308e+04
 9.170000e+09 6.722291e+04
 9.175000e+09 6.733365e+04
 9.180000e+09 6.730143e+04
 9.185000e+09 6.735169e+04
 9.190000e+09 6.752740e+04
 9.195000e+09 6.740464e+04
 9.200000e+09 6.754301e+04
 9.205000e+09 6.738563e+04
 9.210000e+09 6.750001e+04
 9.215000e+09 6.761964e+04
 9.220000e+09 6.772640e+04
 9.225000e+09 6.767989e+04
 9.230000e+09 6.758497e+04
 9.235000e+09 6.772299e+04
 9.240000e+09 6.767228e+04
 9.245000e+09 6.762930e+04
 9.250000e+09 6.760835e+04
 9.255000e+09 6.777171e+04
 9.260000e+09 6.777232e+04
 9.265000e+09 6.790693e+04
 9.270000e+09 6.807237e+04
 9.275000e+09 6.808231e+04
 9.280000e+09 6.799128e+04
 9.285000e+09 6.800586e+04
 9.290000e+09 6.820226e+04
 9.295000e+09 6.826379e+04
 9.300000e+09 6.808886e+04
 9.305000e+09 6.770602e+04
 9.310000e+09 6.769389e+04
 9.315000e+09 6.784895e+04
 9.320000e+09 6.792056e+04
 9.325000e+09 6.790142e+04
 9.330000e+09 6.804645e+04
 9.335000e+09 6.784911e+04
 9.340000e+09 6.797183e+04
 9.345000e+09 6.832504e+04
 9.350000e+09 6.880323e+04
 9.355000e+09 6.862842e+04
 9.360000e+09 6.830281e+04
 9.365000e+09 6.831532e+04
 9.370000e+09 6.810777e+04
 9.375000e+09 6.809935e+04
 9.380000e+09 6.820698e+04
 9.385000e+09 6.788100e+04
 9.390000e+09 6.769134e+04
 9.395000e+09 6.762245e+04
 9.400000e+09 6.785065e+04
 9.405000e+09 6.774100e+04
 9.410000e+09 6.771702e+04
 9.415000e+09 6.794773e+04
 9.420000e+09 6.811053e+04
 9.425000e+09 6.815478e+04
 9.430000e+09 6.846775e+04
 9.435000e+09 6.857982e+04
 9.440000e+09 6.885716e+04
 9.445000e+09 6.902164e+04
 9.450000e+09 6.922373e+04
 9.455000e+09 6.922412e+04
 9.460000e+09 6.916486e+04
 9.465000e+09 6.892704e+04
 9.470000e+09 6.918239e+04
 9.475000e+09 6.904243e+04
 9.480000e+09 6.905135e+04
 9.485000e+09 6.886914e+04
 9.490000e+09 6.877413e+04
 9.495000e+09 6.876803e+04
 9.500000e+09 6.882276e+04
 9.505000e+09 6.908438e+04
 9.510000e+09 6.929168e+04
 9.515000e+09 6.920362e+04
 9.520000e+09 6.945070e+04
 9.525000e+09 6.965313e+04
 9.530000e+09 6.981323e+04
 9.535000e+09 6.975689e+04
 9.540000e+09 6.995171e+04
 9.545000e+09 6.983930e+04
 9.550000e+09 6.964477e+04
 9.555000e+09 6.948317e+04
 9.560000e+09 6.949879e+04
 9.565000e+09 6.931261e+04
 9.570000e+09 6.916451e+04
 9.575000e+09 6.923999e+04
 9.580000e+09 6.935301e+04
 9.585000e+09 6.934676e+04
 9.590000e+09 6.947538e+04
 9.595000e+09 6.951097e+04
 9.600000e+09 6.969319e+04
 9.605000e+09 6.985133e+04
 9.610000e+09 6.992152e+04
 9.615000e+09 7.003670e+04
 9.620000e+09 7.014730e+04
 9.625000e+09 7.009560e+04
 9.630000e+09 7.043793e+04
 9.635000e+09 7.040937e+04
 9.640000e+09 7.057223e+04
 9.645000e+09 7.056710e+04
 9.650000e+09 7.056983e+04
 9.655000e+09 7.064890e+04
 9.660000e+09 7.073701e+04
 9.665000e+09 7.070053e+04
 9.670000e+09 7.084956e+04
 9.675000e+09 7.080132e+04
 9.680000e+09 7.071362e+04
 9.685000e+09 7.078953e+04
 9.690000e+09 7.105836e+04
 9.695000e+09 7.099438e+04
 9.700000e+09 7.101038e+04
 9.705000e+09 7.094286e+04
 9.710000e+09 7.095834e+04
 9.715000e+09 7.089479e+04
 9.720000e+09 7.099334e+04
 9.725000e+09 7.106273e+04
 9.730000e+09 7.120464e+04
 9.735000e+09 7.105133e+04
 9.740000e+09 7.108973e+04
 9.745000e+09 7.111427e+04
 9.750000e+09 7.127601e+04
 9.755000e+09 7.126898e+04
 9.760000e+09 7.137460e+04
 9.765000e+09 7.141394e+04
 9.770000e+09 7.130244e+04
 9.775000e+09 7.116935e+04
 9.780000e+09 7.131248e+04
 9.785000e+09 7.138418e+04
 9.790000e+09 7.157533e+04
 9.795000e+09 7.142390e+04
 9.800000e+09 7.143724e+04
 9.805000e+09 7.143418e+04
 9.810000e+09 7.147682e+04
 9.815000e+09 7.143559e+04
 9.820000e+09 7.124753e+04
 9.825000e+09 7.098987e+04
 9.830000e+09 7.096721e+04
 9.835000e+09 7.081215e+04
 9.840000e+09 7.087656e+04
 9.845000e+09 7.101950e+04
 9.850000e+09 7.092121e+04
 9.855000e+09 7.085552e+04
 9.860000e+09 7.100210e+04
 9.865000e+09 7.140927e+04
 9.870000e+09 7.151051e+04
 9.875000e+09 7.145481e+04
 9.880000e+09 7.162109e+04
 9.885000e+09 7.162310e+04
 9.890000e+09 7.172179e+04
 9.895000e+09 7.208121e+04
 9.900000e+09 7.219594e+04
 9.905000e+09 7.203565e+04
 9.910000e+09 7.186819e+04
 9.915000e+09 7.183290e+04
 9.920000e+09 7.201782e+04
 9.925000e+09 7.203912e+04
 9.930000e+09 7.217768e+04
 9.935000e+09 7.225151e+04
 9.940000e+09 7.197824e+04
 9.945000e+09 7.189864e+04
 9.950000e+09 7.211101e+04
 9.955000e+09 7.216203e+04
 9.960000e+09 7.228179e+04
 9.965000e+09 7.227374e+04
 9.970000e+09 7.222042e+04
 9.975000e+09 7.200464e+04
 9.980000e+09 7.189196e+04
 9.985000e+09 7.201152e+04
 9.990000e+09 7.202864e+04
 9.995000e+09 7.190990e+04
 1.000000e+10 7.178410e+04
 1.000500e+10 7.167628e+04
 1.001000e+10 7.197628e+04
 1.001500e+10 7.206028e+04
 1.002000e+10 7.239193e+04
 1.002500e+10 7.252965e+04
 1.003000e+10 7.240809e+04
 1.003500e+10 7.245640e+04
 1.004000e+10 7.244787e+04
 1.004500e+10 7.259942e+04
 1.005000e+10 7.263246e+04
 1.005500e+10 7.244331e+04
 1.006000e+10 7.244964e+04
 1.006500e+10 7.226843e+04
 1.007000e+10 7.235801e+04
 1.007500e+10 7.221225e+04
 1.008000e+10 7.194009e+04
 1.008500e+10 7.186431e+04
 1.009000e+10 7.179280e+04
 1.009500e+10 7.166651e+04
 1.010000e+10 7.159548e+04
 1.010500e+10 7.154576e+04
 1.011000e+10 7.152673e+04
 1.011500e+10 7.125776e+04
 1.012000e+10 7.135305e+04
 1.012500e+10 7.158741e+04
 1.013000e+10 7.155719e+04
 1.013500e+10 7.142947e+04
 1.014000e+10 7.161067e+04
 1.014500e+10 7.151692e+04
 1.015000e+10 7.173182e+04
 1.015500e+10 7.191777e+04
 1.016000e+10 7.209094e+04
 1.016500e+10 7.224424e+04
 1.017000e+10 7.216483e+04
 1.017500e+10 7.219755e+04
 1.018000e+10 7.217432e+04
 1.018500e+10 7.209080e+04
 1.019000e+10 7.197808e+04
 1.019500e+10 7.170694e+04
 1.020000e+10 7.159066e+04
 1.020500e+10 7.175854e+04
 1.021000e+10 7.175026e+04
 1.021500e+10 7.199049e+04
 1.022000e+10 7.220324e+04
 1.022500e+10 7.231032e+04
 1.023000e+10 7.272997e+04
 1.023500e+10 7.273593e+04
 1.024000e+10 7.296196e+04
 1.024500e+10 7.297411e+04
 1.025000e+10 7.278300e+04
 1.025500e+10 7.255874e+04
 1.026000e+10 7.259415e+04
 1.026500e+10 7.254243e+04
 1.027000e+10 7.270101e+04
 1.027500e+10 7.279160e+04
 1.028000e+10 7.291961e+04
 1.028500e+10 7.275021e+04
 1.029000e+10 7.283548e+04
 1.029500e+10 7.312868e+04
 1.030000e+10 7.321909e+04
 1.030500e+10 7.330418e+04
 1.031000e+10 7.321926e+04
 1.031500e+10 7.295689e+04
 1.032000e+10 7.283592e+04
 1.032500e+10 7.301449e+04
 1.033000e+10 7.322593e+04
 1.033500e+10 7.292777e+04
 1.034000e+10 7.311833e+04
 1.034500e+10 7.319879e+04
 1.035000e+10 7.308240e+04
 1.035500e+10 7.331585e+04
 1.036000e+10 7.373115e+04
 1.036500e+10 7.369307e+04
 1.037000e+10 7.388260e+04
 1.037500e+10 7.380702e+04
 1.038000e+10 7.411984e+04
 1.038500e+10 7.368096e+04
 1.039000e+10 7.379223e+04
 1.039500e+10 7.400476e+04
 1.040000e+10 7.390632e+04
 1.040500e+10 7.364847e+04
 1.041000e+10 7.371105e+04
 1.041500e+10 7.369314e+04
 1.042000e+10 7.375274e+04
 1.042500e+10 7.356424e+04
 1.043000e+10 7.379624e+04
 1.043500e+10 7.356160e+04
 1.044000e+10 7.360229e+04
 1.044500e+10 7.366301e+04
 1.045000e+10 7.403995e+04
 1.045500e+10 7.425037e+04
 1.046000e+10 7.417027e+04
 1.046500e+10 7.435718e+04
 1.047000e+10 7.433678e+04
 1.047500e+10 7.428886e+04
 1.048000e+10 7.445893e+04
 1.048500e+10 7.444976e+04
 1.049000e+10 7.433855e+04
 1.049500e+10 7.432229e+04
 1.050000e+10 7.404026e+04
 1.050500e+10 7.423939e+04
 1.051000e+10 7.448095e+04
 1.051500e+10 7.489401e+04
 1.052000e+10 7.486736e+04
 1.052500e+10 7.495134e+04
 1.053000e+10 7.506553e+04
 1.053500e+10 7.515624e+04
 1.054000e+10 7.504847e+04
 1.054500e+10 7.528620e+04
 1.055000e+10 7.506172e+04
 1.055500e+10 7.506598e+04
 1.056000e+10 7.483358e+04
 1.056500e+10 7.494585e+04
 1.057000e+10 7.506969e+04
 1.057500e+10 7.495668e+04
 1.058000e+10 7.519514e+04
 1.058500e+10 7.545778e+04
 1.059000e+10 7.536929e+04
 1.059500e+10 7.558619e+04
 1.060000e+10 7.555886e+04
 1.060500e+10 7.571212e+04
 1.061000e+10 7.588192e+04
 1.061500e+10 7.586635e+04
 1.062000e+10 7.565579e+04
 1.062500e+10 7.555021e+04
 1.063000e+10 7.549234e+04
 1.063500e+10 7.565304e+04
 1.064000e+10 7.549844e+04
 1.064500e+10 7.552426e+04
 1.065000e+10 7.563744e+04
 1.065500e+10 7.574910e+04
 1.066000e+10 7.588629e+04
 1.066500e+10 7.600730e+04
 1.067000e+10 7.591911e+04
 1.067500e+10 7.593885e+04
 1.068000e+10 7.597518e+04
 1.068500e+10 7.605869e+04
 1.069000e+10 7.613948e+04
 1.069500e+10 7.612257e+04
 1.070000e+10 7.605870e+04
 1.070500e+10 7.622528e+04
 1.071000e+10 7.647785e+04
 1.071500e+10 7.653420e+04
 1.072000e+10 7.681172e+04
 1.072500e+10 7.699353e+04
 1.073000e+10 7.728182e+04
 1.073500e+10 7.712992e+04
 1.074000e+10 7.701045e+04
 1.074500e+10 7.695294e+04
 1.075000e+10 7.712125e+04
 1.075500e+10 7.723522e+04
 1.076000e+10 7.747372e+04
 1.076500e+10 7.743734e+04
 1.077000e+10 7.751640e+04
 1.077500e+10 7.742419e+04
 1.078000e+10 7.777158e+04
 1.078500e+10 7.792666e+04
 1.079000e+10 7.795999e+04
 1.079500e+10 7.791971e+04
 1.080000e+10 7.769171e+04
 1.080500e+10 7.760367e+04
 1.081000e+10 7.765893e+04
 1.081500e+10 7.779078e+04
 1.082000e+10 7.748851e+04
 1.082500e+10 7.731023e+04
 1.083000e+10 7.739358e+04
 1.083500e+10 7.743544e+04
 1.084000e+10 7.734823e+04
 1.084500e+10 7.740031e+04
 1.085000e+10 7.749875e+04
 1.085500e+10 7.753363e+04
 1.086000e+10 7.743990e+04
 1.086500e+10 7.754078e+04
 1.087000e+10 7.782045e+04
 1.087500e+10 7.798083e+04
 1.088000e+10 7.797354e+04
 1.088500e+10 7.833012e+04
 1.089000e+10 7.822306e+04
 1.089500e+10 7.813790e+04
 1.090000e+10 7.792176e+04
 1.090500e+10 7.792391e+04
 1.091000e+10 7.808161e+04
 1.091500e+10 7.806507e+04
 1.092000e+10 7.806078e+04
 1.092500e+10 7.802952e+04
 1.093000e+10 7.799771e+04
 1.093500e+10 7.813379e+04
 1.094000e+10 7.822460e+04
 1.094500e+10 7.873446e+04
 1.095000e+10 7.902577e+04
 1.095500e+10 7.913535e+04
 1.096000e+10 7.901217e+04
 1.096500e+10 7.917253e+04
 1.097000e+10 7.934965e+04
 1.097500e+10 7.934108e+04
 1.098000e+10 7.949382e+04
 1.098500e+10 7.970179e+04
 1.099000e+10 7.972183e+04
 1.099500e+10 7.966831e+04
 1.100000e+10 7.967635e+04
 1.100500e+10 7.985089e+04
 1.101000e+10 7.987148e+04
 1.101500e+10 7.976211e+04
 1.102000e+10 8.004402e+04
 1.102500e+10 7.977437e+04
 1.103000e+10 7.950608e+04
 1.103500e+10 7.963168e+04
 1.104000e+10 7.985991e+04
 1.104500e+10 7.993233e+04
 1.105000e+10 8.005675e+04
 1.105500e+10 8.007942e+04
 1.106000e+10 8.049711e+04
 1.106500e+10 8.050018e+04
 1.107000e+10 8.089660e+04
 1.107500e+10 8.123320e+04
 1.108000e+10 8.105040e+04
 1.108500e+10 8.107461e+04
 1.109000e+10 8.109877e+04
 1.109500e+10 8.097359e+04
 1.110000e+10 8.077457e+04
 1.110500e+10 8.075395e+04
 1.111000e+10 8.091889e+04
 1.111500e+10 8.094170e+04
 1.112000e+10 8.081239e+04
 1.112500e+10 8.118964e+04
 1.113000e+10 8.114414e+04
 1.113500e+10 8.105186e+04
 1.114000e+10 8.112067e+04
 1.114500e+10 8.108744e+04
 1.115000e+10 8.091093e+04
 1.115500e+10 8.097827e+04
 1.116000e+10 8.060036e+04
 1.116500e+10 8.080477e+04
 1.117000e+10 8.081974e+04
 1.117500e+10 8.109386e+04
 1.118000e+10 8.126218e+04
 1.118500e+10 8.118482e+04
 1.119000e+10 8.131368e+04
 1.119500e+10 8.125452e+04
 1.120000e+10 8.138047e+04
 1.120500e+10 8.156493e+04
 1.121000e+10 8.091485e+04
 1.121500e+10 8.099404e+04
 1.122000e+10 8.098758e+04
 1.122500e+10 8.079703e+04
 1.123000e+10 8.097031e+04
 1.123500e+10 8.091661e+04
 1.124000e+10 8.095018e+04
 1.124500e+10 8.086373e+04
 1.125000e+10 8.099223e+04
 1.125500e+10 8.133966e+04
 1.126000e+10 8.129656e+04
 1.126500e+10 8.129623e+04
 1.127000e+10 8.131289e+04
 1.127500e+10 8.129447e+04
 1.128000e+10 8.139994e+04
 1.128500e+10 8.151866e+04
 1.129000e+10 8.168116e+04
 1.129500e+10 8.171294e+04
 1.130000e+10 8.183434e+04
 1.130500e+10 8.159908e+04
 1.131000e+10 8.168418e+04
 1.131500e+10 8.207913e+04
 1.132000e+10 8.214211e+04
 1.132500e+10 8.204661e+04
 1.133000e+10 8.214763e+04
 1.133500e+10 8.188522e+04
 1.134000e+10 8.183219e+04
 1.134500e+10 8.206887e+04
 1.135000e+10 8.216717e+04
 1.135500e+10 8.221711e+04
 1.136000e+10 8.224581e+04
 1.136500e+10 8.236125e+04
 1.137000e+10 8.273933e+04
 1.137500e+10 8.301451e+04
 1.138000e+10 8.313190e+04
 1.138500e+10 8.338409e+04
 1.139000e+10 8.318201e+04
 1.139500e+10 8.328890e+04
 1.140000e+10 8.343288e+04
 1.140500e+10 8.325768e+04
 1.141000e+10 8.319979e+04
 1.141500e+10 8.319881e+04
 1.142000e+10 8.299337e+04
 1.142500e+10 8.308824e+04
 1.143000e+10 8.287228e+04
 1.143500e+10 8.294941e+04
 1.144000e+10 8.309296e+04
 1.144500e+10 8.306035e+04
 1.145000e+10 8.316090e+04
 1.145500e+10 8.314333e+04
 1.146000e+10 8.304697e+04
 1.146500e+10 8.282601e+04
 1.147000e+10 8.285411e+04
 1.147500e+10 8.297740e+04
 1.148000e+10 8.299810e+04
 1.148500e+10 8.292231e+04
 1.149000e+10 8.291696e+04
 1.149500e+10 8.294098e+04
 1.150000e+10 8.301637e+04
 1.150500e+10 8.301277e+04
 1.151000e+10 8.326377e+04
 1.151500e+10 8.319816e+04
 1.152000e+10 8.342635e+04
 1.152500e+10 8.329604e+04
 1.153000e+10 8.322158e+04
 1.153500e+10 8.338167e+04
 1.154000e+10 8.356998e+04
 1.154500e+10 8.372788e+04
 1.155000e+10 8.382511e+04
 1.155500e+10 8.377574e+04
 1.156000e+10 8.379217e+04
 1.156500e+10 8.418960e+04
 1.157000e+10 8.467379e+04
 1.157500e+10 8.498417e+04
 1.158000e+10 8.494982e+04
 1.158500e+10 8.471109e+04
 1.159000e+10 8.469824e+04
 1.159500e+10 8.489987e+04
 1.160000e+10 8.524313e+04
 1.160500e+10 8.515243e+04
 1.161000e+10 8.495755e+04
 1.161500e+10 8.470210e+04
 1.162000e+10 8.466602e+04
 1.162500e+10 8.447186e+04
 1.163000e+10 8.471125e+04
 1.163500e+10 8.487593e+04
 1.164000e+10 8.486775e+04
 1.164500e+10 8.467266e+04
 1.165000e+10 8.498580e+04
 1.165500e+10 8.496510e+04
 1.166000e+10 8.503649e+04
 1.166500e+10 8.529653e+04
 1.167000e+10 8.517840e+04
 1.167500e+10 8.497310e+04
 1.168000e+10 8.488785e+04
 1.168500e+10 8.543146e+04
 1.169000e+10 8.559556e+04
 1.169500e+10 8.534888e+04
 1.170000e+10 8.525048e+04
 1.170500e+10 8.535517e+04
 1.171000e+10 8.532013e+04
 1.171500e+10 8.575695e+04
 1.172000e+10 8.578004e+04
 1.172500e+10 8.576335e+04
 1.173000e+10 8.575001e+04
 1.173500e+10 8.584518e+04
 1.174000e+10 8.618571e+04
 1.174500e+10 8.646240e+04
 1.175000e+10 8.605401e+04
 1.175500e+10 8.628627e+04
 1.176000e+10 8.610586e+04
 1.176500e+10 8.577970e+04
 1.177000e+10 8.597421e+04
 1.177500e+10 8.588147e+04
 1.178000e+10 8.588371e+04
 1.178500e+10 8.587466e+04
 1.179000e+10 8.594476e+04
 1.179500e+10 8.594934e+04
 1.180000e+10 8.564005e+04
 1.180500e+10 8.575030e+04
 1.181000e+10 8.571502e+04
 1.181500e+10 8.537506e+04
 1.182000e+10 8.564029e+04
 1.182500e+10 8.569804e+04
 1.183000e+10 8.578031e+04
 1.183500e+10 8.588195e+04
 1.184000e+10 8.591133e+04
 1.184500e+10 8.579674e+04
 1.185000e+10 8.578697e+04
 1.185500e+10 8.589744e+04
 1.186000e+10 8.595760e+04
 1.186500e+10 8.594919e+04
 1.187000e+10 8.591448e+04
 1.187500e+10 8.594341e+04
 1.188000e+10 8.539112e+04
 1.188500e+10 8.550595e+04
 1.189000e+10 8.602611e+04
 1.189500e+10 8.572840e+04
 1.190000e+10 8.572303e+04
 1.190500e+10 8.582409e+04
 1.191000e+10 8.553423e+04
 1.191500e+10 8.545941e+04
 1.192000e+10 8.528872e+04
 1.192500e+10 8.594513e+04
 1.193000e+10 8.593752e+04
 1.193500e+10 8.588542e+04
 1.194000e+10 8.630735e+04
 1.194500e+10 8.658327e+04
 1.195000e+10 8.695069e+04
 1.195500e+10 8.704952e+04
 1.196000e+10 8.734467e+04
 1.196500e+10 8.730732e+04
 1.197000e+10 8.724221e+04
 1.197500e+10 8.730685e+04
 1.198000e+10 8.734072e+04
 1.198500e+10 8.743393e+04
 1.199000e+10 8.744951e+04
 1.199500e+10 8.732617e+04
 1.200000e+10 8.739360e+04
 1.200500e+10 8.733062e+04
 1.201000e+10 8.739331e+04
 1.201500e+10 8.741366e+04
 1.202000e+10 8.720575e+04
 1.202500e+10 8.739648e+04
 1.203000e+10 8.768841e+04
 1.203500e+10 8.779979e+04
 1.204000e+10 8.794804e+04
 1.204500e+10 8.786469e+04
 1.205000e+10 8.772681e+04
 1.205500e+10 8.753384e+04
 1.206000e+10 8.744064e+04
 1.206500e+10 8.758136e+04
 1.207000e+10 8.756609e+04
 1.207500e+10 8.723632e+04
 1.208000e+10 8.692767e+04
 1.208500e+10 8.696887e+04
 1.209000e+10 8.697051e+04
 1.209500e+10 8.730183e+04
 1.210000e+10 8.737324e+04
 1.210500e+10 8.778610e+04
 1.211000e+10 8.802107e+04
 1.211500e+10 8.804547e+04
 1.212000e+10 8.814894e+04
 1.212500e+10 8.835943e+04
 1.213000e+10 8.854139e+04
 1.213500e+10 8.856696e+04
 1.214000e+10 8.885836e+04
 1.214500e+10 8.905818e+04
 1.215000e+10 8.901485e+04
 1.215500e+10 8.881275e+04
 1.216000e+10 8.857834e+04
 1.216500e+10 8.885202e+04
 1.217000e+10 8.894971e+04
 1.217500e+10 8.929567e+04
 1.218000e+10 8.901191e+04
 1.218500e+10 8.857187e+04
 1.219000e+10 8.850179e+04
 1.219500e+10 8.829027e+04
 1.220000e+10 8.857954e+04
 1.220500e+10 8.870770e+04
 1.221000e+10 8.866584e+04
 1.221500e+10 8.812963e+04
 1.222000e+10 8.835916e+04
 1.222500e+10 8.844692e+04
 1.223000e+10 8.871748e+04
 1.223500e+10 8.867326e+04
 1.224000e+10 8.864200e+04
 1.224500e+10 8.868404e+04
 1.225000e+10 8.863649e+04
 1.225500e+10 8.865969e+04
 1.226000e+10 8.853129e+04
 1.226500e+10 8.806371e+04
 1.227000e+10 8.803034e+04
 1.227500e+10 8.814770e+04
 1.228000e+10 8.839075e+04
 1.228500e+10 8.827315e+04
 1.229000e+10 8.793683e+04
 1.229500e+10 8.798428e+04
 1.230000e+10 8.832358e+04
 1.230500e+10 8.864312e+04
 1.231000e+10 8.866785e+04
 1.231500e+10 8.902319e+04
 1.232000e+10 8.888277e+04
 1.232500e+10 8.912335e+04
 1.233000e+10 8.942336e+04
 1.233500e+10 8.948916e+04
 1.234000e+10 8.916502e+04
 1.234500e+10 8.889096e+04
 1.235000e+10 8.899762e+04
 1.235500e+10 8.927626e+04
 1.236000e+10 8.915745e+04
 1.236500e+10 8.919957e+04
 1.237000e+10 8.893931e+04
 1.237500e+10 8.901106e+04
 1.238000e+10 8.917547e+04
 1.238500e+10 8.926337e+04
 1.239000e+10 8.940003e+04
 1.239500e+10 8.931567e+04
 1.240000e+10 8.914577e+04
 1.240500e+10 8.929198e+04
 1.241000e+10 8.929973e+04
 1.241500e+10 8.928171e+04
 1.242000e+10 8.938883e+04
 1.242500e+10 8.952834e+04
 1.243000e+10 8.950701e+04
 1.243500e+10 8.928046e+04
 1.244000e+10 8.932808e+04
 1.244500e+10 8.957127e+04
 1.245000e+10 8.949778e+04
 1.245500e+10 8.983374e+04
 1.246000e+10 8.961891e+04
 1.246500e+10 8.955218e+04
 1.247000e+10 8.972493e+04
 1.247500e+10 8.979471e+04
 1.248000e+10 9.011324e+04
 1.248500e+10 9.018642e+04
 1.249000e+10 9.005667e+04
 1.249500e+10 9.037083e+04
 1.250000e+10 9.019600e+04
 1.250500e+10 9.053054e+04
 1.251000e+10 9.054494e+04
 1.251500e+10 9.041225e+04
 1.252000e+10 9.063536e+04
 1.252500e+10 9.047133e+04
 1.253000e+10 9.051776e+04
 1.253500e+10 9.035725e+04
 1.254000e+10 9.018721e+04
 1.254500e+10 9.036953e+04
 1.255000e+10 9.027456e+04
 1.255500e+10 9.043407e+04
 1.256000e+10 9.044733e+04
 1.256500e+10 9.049480e+04
 1.257000e+10 9.055691e+04
 1.257500e+10 9.064374e+04
 1.258000e+10 9.088479e+04
 1.258500e+10 9.082818e+04
 1.259000e+10 9.097866e+04
 1.259500e+10 9.088176e+04
 1.260000e+10 9.122157e+04
 1.260500e+10 9.123640e+04
 1.261000e+10 9.103329e+04
 1.261500e+10 9.109674e+04
 1.262000e+10 9.101359e+04
 1.262500e+10 9.107484e+04
 1.263000e+10 9.113695e+04
 1.263500e+10 9.123159e+04
 1.264000e+10 9.123473e+04
 1.264500e+10 9.086972e+04
 1.265000e+10 9.056254e+04
 1.265500e+10 9.076370e+04
 1.266000e+10 9.090354e+04
 1.266500e+10 9.104658e+04
 1.267000e+10 9.087794e+04
 1.267500e+10 9.090217e+04
 1.268000e+10 9.072349e+04
 1.268500e+10 9.065569e+04
 1.269000e+10 9.104814e+04
 1.269500e+10 9.143265e+04
 1.270000e+10 9.159673e+04
 1.270500e+10 9.154449e+04
 1.271000e+10 9.155253e+04
 1.271500e+10 9.170968e+04
 1.272000e+10 9.178912e+04
 1.272500e+10 9.199145e+04
 1.273000e+10 9.210400e+04
 1.273500e+10 9.186168e+04
 1.274000e+10 9.188397e+04
 1.274500e+10 9.187218e+04
 1.275000e+10 9.196495e+04
 1.275500e+10 9.237167e+04
 1.276000e+10 9.256123e+04
 1.276500e+10 9.269905e+04
 1.277000e+10 9.242432e+04
 1.277500e+10 9.246166e+04
 1.278000e+10 9.233280e+04
 1.278500e+10 9.237875e+04
 1.279000e+10 9.251149e+04
 1.279500e+10 9.257315e+04
 1.280000e+10 9.226825e+04
 1.280500e+10 9.233941e+04
 1.281000e+10 9.225585e+04
 1.281500e+10 9.250776e+04
 1.282000e+10 9.283225e+04
 1.282500e+10 9.323519e+04
 1.283000e+10 9.298438e+04
 1.283500e+10 9.310306e+04
 1.284000e+10 9.338366e+04
 1.284500e+10 9.370217e+04
 1.285000e+10 9.322090e+04
 1.285500e+10 9.335261e+04
 1.286000e+10 9.303209e+04
 1.286500e+10 9.308427e+04
 1.287000e+10 9.304371e+04
 1.287500e+10 9.299003e+04
 1.288000e+10 9.307863e+04
 1.288500e+10 9.267536e+04
 1.289000e+10 9.271206e+04
 1.289500e+10 9.298966e+04
 1.290000e+10 9.298219e+04
 1.290500e+10 9.321749e+04
 1.291000e+10 9.322642e+04
 1.291500e+10 9.357680e+04
 1.292000e+10 9.350207e+04
 1.292500e+10 9.360375e+04
 1.293000e+10 9.380292e+04
 1.293500e+10 9.378710e+04
 1.294000e+10 9.375015e+04
 1.294500e+10 9.365591e+04
 1.295000e+10 9.365761e+04
 1.295500e+10 9.351924e+04
 1.296000e+10 9.339947e+04
 1.296500e+10 9.338722e+04
 1.297000e+10 9.294793e+04
 1.302500e+10 9.088913e+04
 1.303000e+10 9.082606e+04
 1.303500e+10 9.103706e+04
 1.304000e+10 9.129254e+04
 1.304500e+10 9.139359e+04
 1.305000e+10 9.135235e+04
 1.305500e+10 9.173842e+04
 1.306000e+10 9.181859e+04
 1.306500e+10 9.182721e+04
 1.307000e+10 9.199638e+04
 1.307500e+10 9.194533e+04
 1.308000e+10 9.206065e+04
 1.308500e+10 9.214215e+04
 1.309000e+10 9.219677e+04
 1.309500e+10 9.230642e+04
 1.310000e+10 9.195456e+04
 1.310500e+10 9.182640e+04
 1.311000e+10 9.168080e+04
 1.311500e+10 9.162318e+04
 1.312000e+10 9.174034e+04
 1.312500e+10 9.199224e+04
 1.313000e+10 9.182488e+04
 1.313500e+10 9.152065e+04
 1.314000e+10 9.142644e+04
 1.314500e+10 9.203624e+04
 1.315000e+10 9.248417e+04
 1.315500e+10 9.252838e+04
 1.316000e+10 9.276505e+04
 1.316500e+10 9.302564e+04
 1.317000e+10 9.308922e+04
 1.317500e+10 9.317550e+04
 1.318000e+10 9.356978e+04
 1.318500e+10 9.352984e+04
 1.319000e+10 9.342188e+04
 1.319500e+10 9.314120e+04
 1.320000e+10 9.332394e+04
 1.320500e+10 9.314579e+04
 1.321000e+10 9.310543e+04
 1.321500e+10 9.304663e+04
 1.322000e+10 9.319837e+04
 1.322500e+10 9.321628e+04
 1.323000e+10 9.313898e+04
 1.323500e+10 9.298388e+04
 1.324000e+10 9.293241e+04
 1.324500e+10 9.291209e+04
 1.325000e+10 9.285029e+04
 1.325500e+10 9.272780e+04
 1.326000e+10 9.297425e+04
 1.326500e+10 9.265205e+04
 1.327000e+10 9.225677e+04
 1.327500e+10 9.235679e+04
 1.328000e+10 9.244201e+04
 1.328500e+10 9.243205e+04
 1.329000e+10 9.293351e+04
 1.329500e+10 9.302570e+04
 1.330000e+10 9.311400e+04
 1.330500e+10 9.317336e+04
 1.331000e+10 9.316280e+04
 1.331500e+10 9.342967e+04
 1.332000e+10 9.316986e+04
 1.332500e+10 9.308825e+04
 1.333000e+10 9.312045e+04
 1.333500e+10 9.292941e+04
 1.334000e+10 9.278448e+04
 1.334500e+10 9.257243e+04
 1.335000e+10 9.238703e+04
 1.335500e+10 9.259714e+04
 1.336000e+10 9.248313e+04
 1.336500e+10 9.245538e+04
 1.337000e+10 9.246305e+04
 1.337500e+10 9.272069e+04
 1.338000e+10 9.271100e+04
 1.338500e+10 9.272037e+04
 1.339000e+10 9.316974e+04
 1.339500e+10 9.357397e+04
 1.340000e+10 9.360449e+04
 1.340500e+10 9.394143e+04
 1.341000e+10 9.411940e+04
 1.341500e+10 9.406182e+04
 1.342000e+10 9.425384e+04
 1.342500e+10 9.409689e+04
 1.343000e+10 9.374326e+04
 1.343500e+10 9.404981e+04
 1.344000e+10 9.402448e+04
 1.344500e+10 9.367907e+04
 1.345000e+10 9.394873e+04
 1.345500e+10 9.432208e+04
 1.346000e+10 9.446296e+04
 1.346500e+10 9.451128e+04
 1.347000e+10 9.451644e+04
 1.347500e+10 9.494881e+04
 1.348000e+10 9.497293e+04
 1.348500e+10 9.455207e+04
 1.349000e+10 9.514388e+04
 1.349500e+10 9.484827e+04
 1.350000e+10 9.456205e+04
 1.350500e+10 9.407207e+04
 1.351000e+10 9.416593e+04
 1.351500e+10 9.430828e+04
 1.352000e+10 9.407650e+04
 1.352500e+10 9.397580e+04
 1.353000e+10 9.417406e+04
 1.353500e+10 9.406700e+04
 1.354000e+10 9.430701e+04
 1.354500e+10 9.472121e+04
 1.355000e+10 9.484349e+04
 1.355500e+10 9.490325e+04
 1.356000e+10 9.485250e+04
 1.356500e+10 9.469162e+04
 1.357000e+10 9.463532e+04
 1.357500e+10 9.474119e+04
 1.358000e+10 9.478761e+04
 1.358500e+10 9.456274e+04
 1.359000e+10 9.408631e+04
 1.359500e+10 9.354164e+04
 1.360000e+10 9.346319e+04
 1.360500e+10 9.373354e+04
 1.361000e+10 9.434516e+04
 1.361500e+10 9.400169e+04
 1.362000e+10 9.364121e+04
 1.362500e+10 9.384577e+04
 1.363000e+10 9.429194e+04
 1.363500e+10 9.483984e+04
 1.364000e+10 9.507338e+04
 1.364500e+10 9.522337e+04
 1.365000e+10 9.520577e+04
 1.365500e+10 9.504044e+04
 1.366000e+10 9.537898e+04
 1.366500e+10 9.537452e+04
 1.367000e+10 9.543806e+04
 1.367500e+10 9.524476e+04
 1.368000e+10 9.512743e+04
 1.368500e+10 9.518179e+04
 1.369000e+10 9.521869e+04
 1.369500e+10 9.504308e+04
 1.370000e+10 9.503492e+04
 1.370500e+10 9.505552e+04
 1.371000e+10 9.545418e+04
 1.371500e+10 9.536538e+04
 1.372000e+10 9.572635e+04
 1.372500e+10 9.563948e+04
 1.373000e+10 9.579526e+04
 1.373500e+10 9.575022e+04
 1.374000e+10 9.561200e+04
 1.374500e+10 9.523136e+04
 1.375000e+10 9.496331e+04
 1.375500e+10 9.436356e+04
 1.376000e+10 9.436919e+04
 1.376500e+10 9.421275e+04
 1.377000e+10 9.419407e+04
 1.377500e+10 9.441850e+04
 1.378000e+10 9.459340e+04
 1.378500e+10 9.460962e+04
 1.379000e+10 9.494197e+04
 1.379500e+10 9.543351e+04
 1.380000e+10 9.548107e+04
 1.380500e+10 9.530024e+04
 1.381000e+10 9.522470e+04
 1.381500e+10 9.526904e+04
 1.382000e+10 9.493587e+04
 1.382500e+10 9.499768e+04
 1.383000e+10 9.524872e+04
 1.383500e+10 9.513891e+04
 1.384000e+10 9.494928e+04
 1.384500e+10 9.518172e+04
 1.385000e+10 9.498757e+04
 1.385500e+10 9.497690e+04
 1.386000e+10 9.504270e+04
 1.386500e+10 9.520356e+04
 1.387000e+10 9.513705e+04
 1.387500e+10 9.495422e+04
 1.388000e+10 9.520028e+04
 1.388500e+10 9.512801e+04
 1.389000e+10 9.508092e+04
 1.389500e+10 9.552209e+04
 1.390000e+10 9.532690e+04
 1.390500e+10 9.551605e+04
 1.391000e+10 9.585266e+04
 1.391500e+10 9.605469e+04
 1.392000e+10 9.631812e+04
 1.392500e+10 9.672877e+04
 1.393000e+10 9.702262e+04
 1.393500e+10 9.733113e+04
 1.394000e+10 9.721727e+04
 1.394500e+10 9.716007e+04
 1.395000e+10 9.684514e+04
 1.395500e+10 9.662890e+04
 1.396000e+10 9.651034e+04
 1.396500e+10 9.585059e+04
 1.397000e+10 9.563077e+04
 1.397500e+10 9.524137e+04
 1.398000e+10 9.508850e+04
 1.398500e+10 9.527367e+04
 1.399000e+10 9.565095e+04
 1.399500e+10 9.553303e+04
 1.400000e+10 9.571993e+04
 1.400500e+10 9.611859e+04
 1.401000e+10 9.683089e+04
 1.401500e+10 9.737428e+04
 1.402000e+10 9.781711e+04
 1.402500e+10 9.766514e+04
 1.403000e+10 9.726488e+04
 1.403500e+10 9.753340e+04
 1.404000e+10 9.744980e+04
 1.404500e+10 9.730551e+04
 1.405000e+10 9.734089e+04
 1.405500e+10 9.697329e+04
 1.406000e+10 9.649613e+04
 1.406500e+10 9.627814e+04
 1.407000e+10 9.636922e+04
 1.407500e+10 9.622442e+04
 1.408000e+10 9.579175e+04
 1.408500e+10 9.581627e+04
 1.409000e+10 9.592309e+04
 1.409500e+10 9.553161e+04
 1.410000e+10 9.594770e+04
 1.410500e+10 9.580107e+04
 1.411000e+10 9.582431e+04
 1.411500e+10 9.591675e+04
 1.412000e+10 9.629016e+04
 1.412500e+10 9.677408e+04
 1.413000e+10 9.677361e+04
 1.413500e+10 9.670724e+04
 1.414000e+10 9.717716e+04
 1.414500e+10 9.720594e+04
 1.415000e+10 9.759848e+04
 1.415500e+10 9.760355e+04
 1.416000e+10 9.755876e+04
 1.416500e+10 9.762637e+04
 1.417000e+10 9.794129e+04
 1.417500e+10 9.803025e+04
 1.418000e+10 9.782961e+04
 1.418500e+10 9.751815e+04
 1.419000e+10 9.772731e+04
 1.419500e+10 9.770190e+04
 1.420000e+10 9.810560e+04
 1.420500e+10 9.843318e+04
 1.421000e+10 9.855186e+04
 1.421500e+10 9.802700e+04
 1.422000e+10 9.807281e+04
 1.422500e+10 9.846310e+04
 1.423000e+10 9.875210e+04
 1.423500e+10 9.866417e+04
 1.424000e+10 9.834330e+04
 1.424500e+10 9.826710e+04
 1.425000e+10 9.825231e+04
 1.425500e+10 9.833044e+04
 1.426000e+10 9.870873e+04
 1.426500e+10 9.891226e+04
 1.427000e+10 9.877840e+04
 1.427500e+10 9.866506e+04
 1.428000e+10 9.867325e+04
 1.428500e+10 9.891575e+04
 1.429000e+10 9.896515e+04
 1.429500e+10 9.860634e+04
 1.430000e+10 9.846036e+04
 1.430500e+10 9.830928e+04
 1.431000e+10 9.821474e+04
 1.431500e+10 9.811131e+04
 1.432000e+10 9.791109e+04
 1.432500e+10 9.781174e+04
 1.433000e+10 9.746926e+04
 1.433500e+10 9.740415e+04
 1.434000e+10 9.791559e+04
 1.434500e+10 9.759074e+04
 1.435000e+10 9.784149e+04
 1.435500e+10 9.795596e+04
 1.436000e+10 9.806783e+04
 1.436500e+10 9.817886e+04
 1.437000e+10 9.829036e+04
 1.437500e+10 9.866153e+04
 1.438000e+10 9.860440e+04
 1.438500e+10 9.859565e+04
 1.439000e+10 9.896480e+04
 1.439500e+10 9.881018e+04
 1.440000e+10 9.875162e+04
 1.440500e+10 9.886857e+04
 1.441000e+10 9.887409e+04
 1.441500e+10 9.874583e+04
 1.442000e+10 9.867296e+04
 1.442500e+10 9.860352e+04
 1.443000e+10 9.866974e+04
 1.443500e+10 9.871145e+04
 1.444000e+10 9.879554e+04
 1.444500e+10 9.875763e+04
 1.445000e+10 9.884108e+04
 1.445500e+10 9.907823e+04
 1.446000e+10 9.916336e+04
 1.446500e+10 9.936656e+04
 1.447000e+10 9.980969e+04
 1.447500e+10 9.962697e+04
 1.448000e+10 9.951312e+04
 1.448500e+10 9.949705e+04
 1.449000e+10 9.940693e+04
 1.449500e+10 9.939223e+04
 1.450000e+10 9.963678e+04
 1.450500e+10 1.000428e+05
 1.451000e+10 1.001291e+05
 1.451500e+10 9.990169e+04
 1.452000e+10 9.999975e+04
 1.452500e+10 1.004834e+05
 1.453000e+10 1.004322e+05
 1.453500e+10 1.009002e+05
 1.454000e+10 1.007964e+05
 1.454500e+10 1.004161e+05
 1.455000e+10 1.002024e+05
 1.455500e+10 1.005188e+05
 1.456000e+10 1.008203e+05
 1.456500e+10 1.007841e+05
 1.457000e+10 1.003458e+05
 1.457500e+10 1.005687e+05
 1.458000e+10 1.004593e+05
 1.458500e+10 1.002675e+05
 1.459000e+10 1.003189e+05
 1.459500e+10 1.002242e+05
 1.460000e+10 9.984400e+04
 1.460500e+10 9.963558e+04
 1.461000e+10 9.957891e+04
 1.461500e+10 9.921051e+04
 1.462000e+10 9.870039e+04
 1.462500e+10 9.875878e+04
 1.463000e+10 9.907215e+04
 1.463500e+10 9.941853e+04
 1.464000e+10 9.967475e+04
 1.464500e+10 1.000264e+05
 1.465000e+10 1.004029e+05
 1.465500e+10 1.006488e+05
 1.466000e+10 1.012030e+05
 1.466500e+10 1.013375e+05
 1.467000e+10 1.010561e+05
 1.467500e+10 1.010561e+05
 1.468000e+10 1.011852e+05
 1.468500e+10 1.007575e+05
 1.469000e+10 1.003346e+05
 1.469500e+10 1.002466e+05
 1.470000e+10 9.985655e+04
 1.470500e+10 1.002276e+05
 1.471000e+10 1.003998e+05
 1.471500e+10 1.007064e+05
 1.472000e+10 1.009744e+05
 1.472500e+10 1.010794e+05
 1.473000e+10 1.011664e+05
 1.473500e+10 1.016530e+05
 1.474000e+10 1.013326e+05
 1.474500e+10 1.014699e+05
 1.475000e+10 1.013164e+05
 1.475500e+10 1.011430e+05
 1.476000e+10 1.011321e+05
 1.476500e+10 1.010938e+05
 1.477000e+10 1.013039e+05
 1.477500e+10 1.014422e+05
 1.478000e+10 1.011807e+05
 1.478500e+10 1.015028e+05
 1.479000e+10 1.019761e+05
 1.479500e+10 1.020899e+05
 1.480000e+10 1.021391e+05
 1.480500e+10 1.021991e+05
 1.481000e+10 1.020169e+05
 1.481500e+10 1.018533e+05
 1.482000e+10 1.018651e+05
 1.482500e+10 1.021050e+05
 1.483000e+10 1.022596e+05
 1.483500e+10 1.020190e+05
 1.484000e+10 1.021499e+05
 1.484500e+10 1.022777e+05
 1.485000e+10 1.024807e+05
 1.485500e+10 1.024655e+05
 1.486000e+10 1.027292e+05
 1.486500e+10 1.031441e+05
 1.487000e+10 1.031112e+05
 1.487500e+10 1.031198e+05
 1.488000e+10 1.025309e+05
 1.488500e+10 1.026133e+05
 1.489000e+10 1.028801e+05
 1.489500e+10 1.026193e+05
 1.490000e+10 1.027187e+05
 1.490500e+10 1.027069e+05
 1.491000e+10 1.024792e+05
 1.491500e+10 1.028031e+05
 1.492000e+10 1.028383e+05
 1.492500e+10 1.029602e+05
 1.493000e+10 1.028661e+05
 1.493500e+10 1.028675e+05
 1.494000e+10 1.028804e+05
 1.494500e+10 1.029304e+05
 1.495000e+10 1.027560e+05
 1.495500e+10 1.028037e+05
 1.496000e+10 1.023038e+05
 1.496500e+10 1.024665e+05
 1.497000e+10 1.027569e+05
 1.497500e+10 1.027416e+05
 1.498000e+10 1.029234e+05
 1.498500e+10 1.029384e+05
 1.499000e+10 1.029178e+05
 1.499500e+10 1.029268e+05
 1.500000e+10 1.030158e+05
 1.500500e+10 1.029195e+05
 1.501000e+10 1.029797e+05
 1.501500e+10 1.027255e+05
 1.502000e+10 1.022663e+05
 1.502500e+10 1.025014e+05
 1.503000e+10 1.026940e+05
 1.503500e+10 1.026727e+05
 1.504000e+10 1.026988e+05
 1.504500e+10 1.026964e+05
 1.505000e+10 1.027958e+05
 1.505500e+10 1.031533e+05
 1.506000e+10 1.035182e+05
 1.506500e+10 1.035152e+05
 1.507000e+10 1.028639e+05
 1.507500e+10 1.023103e+05
 1.508000e+10 1.024913e+05
 1.508500e+10 1.023522e+05
 1.509000e+10 1.022453e+05
 1.509500e+10 1.027154e+05
 1.510000e+10 1.024826e+05
 1.510500e+10 1.024763e+05
 1.511000e+10 1.021988e+05
 1.511500e+10 1.026445e+05
 1.512000e+10 1.027452e+05
 1.512500e+10 1.026628e+05
 1.513000e+10 1.023680e+05
 1.513500e+10 1.022866e+05
 1.514000e+10 1.021845e+05
 1.514500e+10 1.022426e+05
 1.515000e+10 1.023278e+05
 1.515500e+10 1.028000e+05
 1.516000e+10 1.025889e+05
 1.516500e+10 1.026345e+05
 1.517000e+10 1.031998e+05
 1.517500e+10 1.036692e+05
 1.518000e+10 1.038191e+05
 1.518500e+10 1.035508e+05
 1.519000e+10 1.032007e+05
 1.519500e+10 1.033996e+05
 1.520000e+10 1.033413e+05
 1.520500e+10 1.035037e+05
 1.521000e+10 1.034659e+05
 1.521500e+10 1.033767e+05
 1.522000e+10 1.031507e+05
 1.522500e+10 1.032059e+05
 1.523000e+10 1.032895e+05
 1.523500e+10 1.035765e+05
 1.524000e+10 1.036360e+05
 1.524500e+10 1.038814e+05
 1.525000e+10 1.040470e+05
 1.525500e+10 1.042487e+05
 1.526000e+10 1.044854e+05
 1.526500e+10 1.047335e+05
 1.527000e+10 1.044481e+05
 1.527500e+10 1.042654e+05
 1.528000e+10 1.044559e+05
 1.528500e+10 1.044729e+05
 1.529000e+10 1.042697e+05
 1.529500e+10 1.040645e+05
 1.530000e+10 1.038415e+05
 1.530500e+10 1.040694e+05
 1.531000e+10 1.038486e+05
 1.531500e+10 1.046040e+05
 1.532000e+10 1.048544e+05
 1.532500e+10 1.047763e+05
 1.533000e+10 1.051290e+05
 1.533500e+10 1.052811e+05
 1.534000e+10 1.052827e+05
 1.534500e+10 1.050091e+05
 1.535000e+10 1.052747e+05
 1.535500e+10 1.054346e+05
 1.536000e+10 1.048082e+05
 1.536500e+10 1.044797e+05
 1.537000e+10 1.048331e+05
 1.537500e+10 1.048075e+05
 1.538000e+10 1.048046e+05
 1.538500e+10 1.047904e+05
 1.539000e+10 1.048561e+05
 1.539500e+10 1.044678e+05
 1.540000e+10 1.043632e+05
 1.540500e+10 1.045670e+05
 1.541000e+10 1.047847e+05
 1.541500e+10 1.045849e+05
 1.542000e+10 1.046127e+05
 1.542500e+10 1.047666e+05
 1.543000e+10 1.048085e+05
 1.543500e+10 1.046657e+05
 1.544000e+10 1.050803e+05
 1.544500e+10 1.052073e+05
 1.545000e+10 1.050427e+05
 1.545500e+10 1.048864e+05
 1.546000e+10 1.045800e+05
 1.546500e+10 1.047017e+05
 1.547000e+10 1.044357e+05
 1.547500e+10 1.048629e+05
 1.548000e+10 1.045718e+05
 1.548500e+10 1.046932e+05
 1.549000e+10 1.048069e+05
 1.549500e+10 1.048375e+05
 1.550000e+10 1.052168e+05
 1.550500e+10 1.055585e+05
 1.551000e+10 1.058581e+05
 1.551500e+10 1.064181e+05
 1.552000e+10 1.066049e+05
 1.552500e+10 1.067555e+05
 1.553000e+10 1.068589e+05
 1.553500e+10 1.067960e+05
 1.554000e+10 1.071285e+05
 1.554500e+10 1.073250e+05
 1.555000e+10 1.071290e+05
 1.555500e+10 1.067655e+05
 1.556000e+10 1.066995e+05
 1.556500e+10 1.066063e+05
 1.557000e+10 1.067687e+05
 1.557500e+10 1.070020e+05
 1.558000e+10 1.069643e+05
 1.558500e+10 1.065623e+05
 1.559000e+10 1.067341e+05
 1.559500e+10 1.067916e+05
 1.560000e+10 1.070812e+05
 1.560500e+10 1.070400e+05
 1.561000e+10 1.069426e+05
 1.561500e+10 1.067045e+05
 1.562000e+10 1.066633e+05
 1.562500e+10 1.069898e+05
 1.563000e+10 1.071331e+05
 1.563500e+10 1.069686e+05
 1.564000e+10 1.071300e+05
 1.564500e+10 1.067782e+05
 1.565000e+10 1.067069e+05
 1.565500e+10 1.064042e+05
 1.566000e+10 1.060528e+05
 1.566500e+10 1.057202e+05
 1.567000e+10 1.053462e+05
 1.567500e+10 1.052909e+05
 1.568000e+10 1.052859e+05
 1.568500e+10 1.050928e+05
 1.569000e+10 1.048744e+05
 1.569500e+10 1.046579e+05
 1.570000e+10 1.043277e+05
 1.570500e+10 1.046980e+05
 1.571000e+10 1.046555e+05
 1.571500e+10 1.047215e+05
 1.572000e+10 1.047005e+05
 1.572500e+10 1.044538e+05
 1.573000e+10 1.045501e+05
 1.573500e+10 1.050508e+05
 1.574000e+10 1.052953e+05
 1.574500e+10 1.057840e+05
 1.575000e+10 1.056092e+05
 1.575500e+10 1.057731e+05
 1.576000e+10 1.054945e+05
 1.576500e+10 1.056684e+05
 1.577000e+10 1.062027e+05
 1.577500e+10 1.060277e+05
 1.578000e+10 1.055299e+05
 1.578500e+10 1.054824e+05
 1.579000e+10 1.053427e+05
 1.579500e+10 1.055697e+05
 1.580000e+10 1.057961e+05
 1.580500e+10 1.061533e+05
 1.581000e+10 1.059499e+05
 1.581500e+10 1.059314e+05
 1.582000e+10 1.065507e+05
 1.582500e+10 1.069472e+05
 1.583000e+10 1.068599e+05
 1.583500e+10 1.071148e+05
 1.584000e+10 1.069182e+05
 1.584500e+10 1.069698e+05
 1.585000e+10 1.071507e+05
 1.585500e+10 1.067158e+05
 1.586000e+10 1.066367e+05
 1.586500e+10 1.070432e+05
 1.587000e+10 1.069348e+05
 1.587500e+10 1.073010e+05
 1.588000e+10 1.074126e+05
 1.588500e+10 1.075442e+05
 1.589000e+10 1.071746e+05
 1.589500e+10 1.073218e+05
 1.590000e+10 1.080068e+05
 1.590500e+10 1.077910e+05
 1.591000e+10 1.072869e+05
 1.591500e+10 1.076300e+05
 1.592000e+10 1.070746e+05
 1.592500e+10 1.070834e+05
 1.593000e+10 1.066736e+05
 1.593500e+10 1.070850e+05
 1.594000e+10 1.066163e+05
 1.594500e+10 1.064423e+05
 1.595000e+10 1.064566e+05
 1.595500e+10 1.063324e+05
 1.596000e+10 1.063934e+05
 1.596500e+10 1.066632e+05
 1.597000e+10 1.066259e+05
 1.597500e+10 1.066962e+05
 1.598000e+10 1.065534e+05
 1.598500e+10 1.065729e+05
 1.599000e+10 1.065174e+05
 1.599500e+10 1.064535e+05
 1.600000e+10 1.066694e+05
 1.600500e+10 1.062405e+05
 1.601000e+10 1.063051e+05
 1.601500e+10 1.068959e+05
 1.602000e+10 1.070000e+05
 1.602500e+10 1.069480e+05
 1.603000e+10 1.071108e+05
 1.603500e+10 1.070920e+05
 1.604000e+10 1.073283e+05
 1.604500e+10 1.076644e+05
 1.605000e+10 1.079122e+05
 1.605500e+10 1.078823e+05
 1.606000e+10 1.076449e+05
 1.606500e+10 1.083974e+05
 1.607000e+10 1.083933e+05
 1.607500e+10 1.086250e+05
 1.608000e+10 1.084890e+05
 1.608500e+10 1.080645e+05
 1.609000e+10 1.075079e+05
 1.609500e+10 1.071689e+05
 1.610000e+10 1.073946e+05
 1.610500e+10 1.077860e+05
 1.611000e+10 1.072164e+05
 1.611500e+10 1.068003e+05
 1.612000e+10 1.067625e+05
 1.612500e+10 1.070233e+05
 1.613000e+10 1.070500e+05
 1.613500e+10 1.070656e+05
 1.614000e+10 1.074833e+05
 1.614500e+10 1.068677e+05
 1.615000e+10 1.068265e+05
 1.615500e+10 1.069111e+05
 1.616000e+10 1.071210e+05
 1.616500e+10 1.066781e+05
 1.617000e+10 1.066367e+05
 1.617500e+10 1.072695e+05
 1.618000e+10 1.075729e+05
 1.618500e+10 1.074687e+05
 1.619000e+10 1.077486e+05
 1.619500e+10 1.075614e+05
 1.620000e+10 1.074819e+05
 1.620500e+10 1.075945e+05
 1.621000e+10 1.078938e+05
 1.621500e+10 1.082465e+05
 1.622000e+10 1.083433e+05
 1.622500e+10 1.083193e+05
 1.623000e+10 1.083986e+05
 1.623500e+10 1.085749e+05
 1.624000e+10 1.088825e+05
 1.624500e+10 1.088787e+05
 1.625000e+10 1.091364e+05
 1.625500e+10 1.090762e+05
 1.626000e+10 1.089304e+05
 1.626500e+10 1.089285e+05
 1.627000e+10 1.086738e+05
 1.627500e+10 1.087557e+05
 1.628000e+10 1.081043e+05
 1.628500e+10 1.080513e+05
 1.629000e+10 1.081586e+05
 1.629500e+10 1.078998e+05
 1.630000e+10 1.079636e+05
 1.630500e+10 1.080441e+05
 1.631000e+10 1.081411e+05
 1.631500e+10 1.085107e+05
 1.632000e+10 1.080938e+05
 1.632500e+10 1.084087e+05
 1.633000e+10 1.083420e+05
 1.633500e+10 1.083286e+05
 1.634000e+10 1.079539e+05
 1.634500e+10 1.083604e+05
 1.635000e+10 1.083001e+05
 1.635500e+10 1.082551e+05
 1.636000e+10 1.079505e+05
 1.636500e+10 1.080676e+05
 1.637000e+10 1.080797e+05
 1.637500e+10 1.082454e+05
 1.638000e+10 1.084723e+05
 1.638500e+10 1.086497e+05
 1.639000e+10 1.087315e+05
 1.639500e+10 1.084760e+05
 1.640000e+10 1.085950e+05
 1.640500e+10 1.089282e+05
 1.641000e+10 1.088711e+05
 1.641500e+10 1.088797e+05
 1.642000e+10 1.085806e+05
 1.642500e+10 1.086511e+05
 1.643000e+10 1.087345e+05
 1.643500e+10 1.087059e+05
 1.644000e+10 1.088793e+05
 1.644500e+10 1.085837e+05
 1.645000e+10 1.085358e+05
 1.645500e+10 1.087538e+05
 1.646000e+10 1.085950e+05
 1.646500e+10 1.085482e+05
 1.647000e+10 1.083989e+05
 1.647500e+10 1.084655e+05
 1.648000e+10 1.085035e+05
 1.648500e+10 1.083691e+05
 1.649000e+10 1.082355e+05
 1.649500e+10 1.083277e+05
 1.650000e+10 1.083327e+05
 1.650500e+10 1.086519e+05
 1.651000e+10 1.084009e+05
 1.651500e+10 1.084646e+05
 1.652000e+10 1.084878e+05
 1.652500e+10 1.084199e+05
 1.653000e+10 1.082949e+05
 1.653500e+10 1.081203e+05
 1.654000e+10 1.074843e+05
 1.654500e+10 1.068198e+05
 1.655000e+10 1.065832e+05
 1.655500e+10 1.065935e+05
 1.656000e+10 1.068574e+05
 1.656500e+10 1.065410e+05
 1.657000e+10 1.068652e+05
 1.657500e+10 1.068025e+05
 1.658000e+10 1.066370e+05
 1.658500e+10 1.070057e+05
 1.659000e+10 1.072177e+05
 1.659500e+10 1.074940e+05
 1.660000e+10 1.073589e+05
 1.660500e+10 1.065943e+05
 1.661000e+10 1.061757e+05
 1.661500e+10 1.055000e+05
 1.662000e+10 1.051114e+05
 1.662500e+10 1.049472e+05
 1.663000e+10 1.048725e+05
 1.663500e+10 1.048951e+05
 1.664000e+10 1.041934e+05
 1.664500e+10 1.039713e+05
 1.665000e+10 1.040361e+05
 1.665500e+10 1.038452e+05
 1.666000e+10 1.039444e+05
 1.666500e+10 1.037111e+05
 1.667000e+10 1.038674e+05
 1.667500e+10 1.033838e+05
 1.668000e+10 1.031390e+05
 1.668500e+10 1.032425e+05
 1.669000e+10 1.031297e+05
 1.669500e+10 1.027205e+05
 1.670000e+10 1.028060e+05
 1.670500e+10 1.030637e+05
 1.671000e+10 1.030902e+05
 1.671500e+10 1.029180e+05
 1.672000e+10 1.028742e+05
 1.672500e+10 1.027005e+05
 1.673000e+10 1.024813e+05
 1.673500e+10 1.024976e+05
 1.674000e+10 1.025436e+05
 1.674500e+10 1.022896e+05
 1.675000e+10 1.017810e+05
 1.675500e+10 1.016981e+05
 1.676000e+10 1.015688e+05
 1.676500e+10 1.012882e+05
 1.677000e+10 1.007525e+05
 1.677500e+10 1.007252e+05
 1.678000e+10 1.004652e+05
 1.678500e+10 1.002850e+05
 1.679000e+10 1.002203e+05
 1.679500e+10 1.001445e+05
 1.680000e+10 9.997423e+04
 1.680500e+10 9.994269e+04
 1.681000e+10 9.981718e+04
 1.681500e+10 1.000716e+05
 1.682000e+10 1.000077e+05
 1.682500e+10 9.995677e+04
 1.683000e+10 9.985025e+04
 1.683500e+10 9.989581e+04
 1.684000e+10 9.990295e+04
 1.684500e+10 9.970815e+04
 1.685000e+10 9.955171e+04
 1.685500e+10 9.943054e+04
 1.686000e+10 9.890376e+04
 1.686500e+10 9.902958e+04
 1.687000e+10 9.895313e+04
 1.687500e+10 9.891143e+04
 1.688000e+10 9.871997e+04
 1.688500e+10 9.881386e+04
 1.689000e+10 9.853641e+04
 1.689500e+10 9.853771e+04
 1.690000e+10 9.856879e+04
 1.690500e+10 9.891928e+04
 1.691000e+10 9.863508e+04
 1.691500e+10 9.850434e+04
 1.692000e+10 9.873459e+04
 1.692500e+10 9.872102e+04
 1.693000e+10 9.877354e+04
 1.693500e+10 9.911503e+04
 1.694000e+10 9.949167e+04
 1.694500e+10 9.954880e+04
 1.695000e+10 9.957854e+04
 1.695500e+10 9.995215e+04
 1.696000e+10 1.000621e+05
 1.696500e+10 9.996388e+04
 1.697000e+10 9.993779e+04
 1.697500e+10 9.986539e+04
 1.698000e+10 9.949203e+04
 1.698500e+10 9.920061e+04
 1.699000e+10 9.929698e+04
 1.699500e+10 9.901671e+04
 1.700000e+10 9.929353e+04
 1.700500e+10 9.952617e+04
 1.701000e+10 9.945990e+04
 1.701500e+10 9.935688e+04
 1.702000e+10 9.947116e+04
 1.702500e+10 9.977483e+04
 1.703000e+10 9.961713e+04
 1.703500e+10 9.996355e+04
 1.704000e+10 9.977968e+04
 1.704500e+10 9.948662e+04
 1.705000e+10 9.933207e+04
 1.705500e+10 9.932323e+04
 1.706000e+10 9.941505e+04
 1.706500e+10 9.948560e+04
 1.707000e+10 9.949921e+04
 1.707500e+10 9.957915e+04
 1.708000e+10 9.925809e+04
 1.708500e+10 9.916003e+04
 1.709000e+10 9.922445e+04
 1.709500e+10 9.910048e+04
 1.710000e+10 9.920417e+04
 1.710500e+10 9.921016e+04
 1.711000e+10 9.937248e+04
 1.711500e+10 9.929252e+04
 1.712000e+10 9.944878e+04
 1.712500e+10 9.957731e+04
 1.713000e+10 9.979667e+04
 1.713500e+10 9.963863e+04
 1.714000e+10 9.968906e+04
 1.714500e+10 9.937093e+04
 1.715000e+10 9.937224e+04
 1.715500e+10 9.919996e+04
 1.716000e+10 9.936341e+04
 1.716500e+10 9.951878e+04
 1.717000e+10 9.950396e+04
 1.717500e+10 9.943398e+04
 1.718000e+10 9.970678e+04
 1.718500e+10 9.971956e+04
 1.719000e+10 9.976661e+04
 1.719500e+10 9.983964e+04
 1.720000e+10 9.987776e+04
 1.720500e+10 9.951447e+04
 1.721000e+10 9.952851e+04
 1.721500e+10 9.939592e+04
 1.722000e+10 9.910268e+04
 1.722500e+10 9.856626e+04
 1.723000e+10 9.846498e+04
 1.723500e+10 9.870439e+04
 1.724000e+10 9.898771e+04
 1.724500e+10 9.903664e+04
 1.725000e+10 9.906001e+04
 1.725500e+10 9.911401e+04
 1.726000e+10 9.916658e+04
 1.726500e+10 9.940947e+04
 1.727000e+10 9.972959e+04
 1.727500e+10 9.966790e+04
 1.728000e+10 9.922010e+04
 1.728500e+10 9.870394e+04
 1.729000e+10 9.882070e+04
 1.729500e+10 9.894321e+04
 1.730000e+10 9.883625e+04
 1.730500e+10 9.885355e+04
 1.731000e+10 9.862799e+04
 1.731500e+10 9.853340e+04
 1.732000e+10 9.865756e+04
 1.732500e+10 9.881998e+04
 1.733000e+10 9.880448e+04
 1.733500e+10 9.846154e+04
 1.734000e+10 9.818469e+04
 1.734500e+10 9.819296e+04
 1.735000e+10 9.820822e+04
 1.735500e+10 9.830875e+04
 1.736000e+10 9.826316e+04
 1.736500e+10 9.802354e+04
 1.737000e+10 9.801864e+04
 1.737500e+10 9.807329e+04
 1.738000e+10 9.819667e+04
 1.738500e+10 9.776019e+04
 1.739000e+10 9.772935e+04
 1.739500e+10 9.771954e+04
 1.740000e+10 9.748743e+04
 1.740500e+10 9.723541e+04
 1.741000e+10 9.720944e+04
 1.741500e+10 9.722628e+04
 1.742000e+10 9.726332e+04
 1.742500e+10 9.711001e+04
 1.743000e+10 9.727942e+04
 1.743500e+10 9.731227e+04
 1.744000e+10 9.693532e+04
 1.744500e+10 9.716519e+04
 1.745000e+10 9.691040e+04
 1.745500e+10 9.667398e+04
 1.746000e+10 9.651600e+04
 1.746500e+10 9.619662e+04
 1.747000e+10 9.617881e+04
 1.747500e+10 9.556994e+04
 1.748000e+10 9.545359e+04
 1.748500e+10 9.573503e+04
 1.749000e+10 9.549992e+04
 1.749500e+10 9.540308e+04
 1.750000e+10 9.533850e+04
 1.750500e+10 9.495000e+04
 1.751000e+10 9.484782e+04
 1.751500e+10 9.490118e+04
 1.752000e+10 9.473128e+04
 1.752500e+10 9.451032e+04
 1.753000e+10 9.444913e+04
 1.753500e+10 9.415899e+04
 1.754000e+10 9.409434e+04
 1.754500e+10 9.380805e+04
 1.755000e+10 9.416863e+04
 1.755500e+10 9.437759e+04
 1.756000e+10 9.464286e+04
 1.756500e+10 9.492516e+04
 1.757000e+10 9.517379e+04
 1.757500e+10 9.546810e+04
 1.758000e+10 9.565199e+04
 1.758500e+10 9.569385e+04
 1.759000e+10 9.594592e+04
 1.759500e+10 9.581234e+04
 1.760000e+10 9.559339e+04
 1.760500e+10 9.519486e+04
 1.761000e+10 9.510277e+04
 1.761500e+10 9.500728e+04
 1.762000e+10 9.484785e+04
 1.762500e+10 9.463373e+04
 1.763000e+10 9.473423e+04
 1.763500e+10 9.457763e+04
 1.764000e+10 9.483875e+04
 1.764500e+10 9.456009e+04
 1.765000e+10 9.495133e+04
 1.765500e+10 9.535564e+04
 1.766000e+10 9.526508e+04
 1.766500e+10 9.519160e+04
 1.767000e+10 9.521738e+04
 1.767500e+10 9.515518e+04
 1.768000e+10 9.517939e+04
 1.768500e+10 9.511850e+04
 1.769000e+10 9.511692e+04
 1.769500e+10 9.513011e+04
 1.770000e+10 9.509942e+04
 1.770500e+10 9.507020e+04
 1.771000e+10 9.522358e+04
 1.771500e+10 9.509205e+04
 1.772000e+10 9.513533e+04
 1.772500e+10 9.477667e+04
 1.773000e+10 9.483720e+04
 1.773500e+10 9.500873e+04
 1.774000e+10 9.478733e+04
 1.774500e+10 9.485486e+04
 1.775000e+10 9.481839e+04
 1.775500e+10 9.496840e+04
 1.776000e+10 9.512823e+04
 1.776500e+10 9.490525e+04
 1.777000e+10 9.503665e+04
 1.777500e+10 9.498714e+04
 1.778000e+10 9.515020e+04
 1.778500e+10 9.532718e+04
 1.779000e+10 9.536659e+04
 1.779500e+10 9.544357e+04
 1.780000e+10 9.555535e+04
 1.780500e+10 9.583652e+04
 1.781000e+10 9.620593e+04
 1.781500e+10 9.646470e+04
 1.782000e+10 9.682785e+04
 1.782500e+10 9.657723e+04
 1.783000e+10 9.642464e+04
 1.783500e+10 9.674413e+04
 1.784000e+10 9.695036e+04
 1.784500e+10 9.705679e+04
 1.785000e+10 9.710016e+04
 1.785500e+10 9.718182e+04
 1.786000e+10 9.717432e+04
 1.786500e+10 9.704539e+04
 1.787000e+10 9.755990e+04
 1.787500e+10 9.752610e+04
 1.788000e+10 9.757528e+04
 1.788500e+10 9.760969e+04
 1.789000e+10 9.754155e+04
 1.789500e+10 9.787209e+04
 1.790000e+10 9.814215e+04
 1.790500e+10 9.810073e+04
 1.791000e+10 9.803165e+04
 1.791500e+10 9.805534e+04
 1.792000e+10 9.830325e+04
 1.792500e+10 9.827746e+04
 1.793000e+10 9.821468e+04
 1.793500e+10 9.806162e+04
 1.794000e+10 9.820093e+04
 1.794500e+10 9.826329e+04
 1.795000e+10 9.841019e+04
 1.795500e+10 9.859854e+04
 1.796000e+10 9.871125e+04
 1.796500e+10 9.888353e+04
 1.797000e+10 9.882948e+04
 1.797500e+10 9.918434e+04
 1.798000e+10 9.960557e+04
 1.798500e+10 9.963984e+04
 1.799000e+10 9.961121e+04
 1.799500e+10 9.934739e+04
 1.800000e+10 9.951564e+04
 1.800500e+10 9.973706e+04
 1.801000e+10 9.976379e+04
 1.801500e+10 9.991412e+04
 1.802000e+10 9.959428e+04
 1.802500e+10 9.950228e+04
 1.803000e+10 9.919620e+04
 1.803500e+10 9.944778e+04
 1.804000e+10 1.001395e+05
 1.804500e+10 9.998220e+04
 1.805000e+10 9.960097e+04
 1.805500e+10 9.925481e+04
 1.806000e+10 9.971672e+04
 1.806500e+10 9.977727e+04
 1.807000e+10 9.973814e+04
 1.807500e+10 9.994733e+04
 1.808000e+10 9.960647e+04
 1.808500e+10 9.941458e+04
 1.809000e+10 9.961394e+04
 1.809500e+10 9.996479e+04
 1.810000e+10 1.000634e+05
 1.810500e+10 9.981550e+04
 1.811000e+10 9.964776e+04
 1.811500e+10 1.002701e+05
 1.812000e+10 1.003530e+05
 1.812500e+10 1.002895e+05
 1.813000e+10 1.000846e+05
 1.813500e+10 1.000790e+05
 1.814000e+10 9.997104e+04
 1.814500e+10 9.971284e+04
 1.815000e+10 9.984574e+04
 1.815500e+10 1.000211e+05
 1.816000e+10 9.954094e+04
 1.816500e+10 9.963328e+04
 1.817000e+10 9.972675e+04
 1.817500e+10 9.995347e+04
 1.818000e+10 1.002260e+05
 1.818500e+10 1.002328e+05
 1.819000e+10 1.004117e+05
 1.819500e+10 1.002117e+05
 1.820000e+10 1.001378e+05
 1.820500e+10 9.997438e+04
 1.821000e+10 1.000823e+05
 1.821500e+10 1.004115e+05
 1.822000e+10 1.002390e+05
 1.822500e+10 1.001749e+05
 1.823000e+10 1.002606e+05
 1.823500e+10 1.000401e+05
 1.824000e+10 1.003397e+05
 1.824500e+10 1.001033e+05
 1.825000e+10 9.992209e+04
 1.825500e+10 9.988475e+04
 1.826000e+10 9.964377e+04
 1.826500e+10 9.977901e+04
 1.827000e+10 9.955443e+04
 1.827500e+10 9.929092e+04
 1.828000e+10 9.906464e+04
 1.828500e+10 9.892925e+04
 1.829000e+10 9.866467e+04
 1.829500e+10 9.892704e+04
 1.830000e+10 9.900109e+04
 1.830500e+10 9.870758e+04
 1.831000e+10 9.868432e+04
 1.831500e+10 9.913831e+04
 1.832000e+10 9.939908e+04
 1.832500e+10 9.958740e+04
 1.833000e+10 9.974618e+04
 1.833500e+10 1.002498e+05
 1.834000e+10 9.999597e+04
 1.834500e+10 9.999927e+04
 1.835000e+10 1.002589e+05
 1.835500e+10 9.999985e+04
 1.836000e+10 1.002756e+05
 1.836500e+10 1.003001e+05
 1.837000e+10 1.000069e+05
 1.837500e+10 1.000633e+05
 1.838000e+10 1.002757e+05
 1.838500e+10 1.001409e+05
 1.839000e+10 9.974819e+04
 1.839500e+10 9.982374e+04
 1.840000e+10 9.977339e+04
 1.840500e+10 9.945906e+04
 1.841000e+10 9.920475e+04
 1.841500e+10 9.962311e+04
 1.842000e+10 9.945468e+04
 1.842500e+10 9.913833e+04
 1.843000e+10 9.939143e+04
 1.843500e+10 9.981797e+04
 1.844000e+10 9.946632e+04
 1.844500e+10 9.940652e+04
 1.845000e+10 9.956357e+04
 1.845500e+10 9.950139e+04
 1.846000e+10 9.897495e+04
 1.846500e+10 9.902821e+04
 1.847000e+10 9.877905e+04
 1.847500e+10 9.885557e+04
 1.848000e+10 9.883961e+04
 1.848500e+10 9.916636e+04
 1.849000e+10 9.931889e+04
 1.849500e+10 9.938481e+04
 1.850000e+10 9.959063e+04
 1.850500e+10 9.986163e+04
 1.851000e+10 9.989534e+04
 1.851500e+10 1.003096e+05
 1.852000e+10 1.002783e+05
 1.852500e+10 9.997259e+04
 1.853000e+10 9.995506e+04
 1.853500e+10 9.987072e+04
 1.854000e+10 9.984525e+04
 1.854500e+10 9.994418e+04
 1.855000e+10 9.989561e+04
 1.855500e+10 1.002001e+05
 1.856000e+10 9.979719e+04
 1.856500e+10 9.953029e+04
 1.857000e+10 9.936530e+04
 1.857500e+10 9.921901e+04
 1.858000e+10 9.905202e+04
 1.858500e+10 9.882403e+04
 1.859000e+10 9.878981e+04
 1.859500e+10 9.871759e+04
 1.860000e+10 9.833173e+04
 1.860500e+10 9.864675e+04
 1.861000e+10 9.898768e+04
 1.861500e+10 9.907205e+04
 1.862000e+10 9.934754e+04
 1.862500e+10 9.956949e+04
 1.863000e+10 9.955293e+04
 1.863500e+10 9.974506e+04
 1.864000e+10 9.955927e+04
 1.864500e+10 9.980864e+04
 1.865000e+10 9.981524e+04
 1.865500e+10 9.975135e+04
 1.866000e+10 9.979064e+04
 1.866500e+10 9.953605e+04
 1.867000e+10 9.951872e+04
 1.867500e+10 9.967544e+04
 1.868000e+10 9.926625e+04
 1.868500e+10 9.932575e+04
 1.869000e+10 9.927582e+04
 1.869500e+10 9.943805e+04
 1.870000e+10 9.968457e+04
 1.870500e+10 9.926781e+04
 1.871000e+10 9.964565e+04
 1.871500e+10 9.962724e+04
 1.872000e+10 9.980087e+04
 1.872500e+10 1.000299e+05
 1.873000e+10 1.002737e+05
 1.873500e+10 9.992859e+04
 1.874000e+10 9.972099e+04
 1.874500e+10 9.979972e+04
 1.875000e+10 1.001889e+05
 1.875500e+10 1.002189e+05
 1.876000e+10 1.003267e+05
 1.876500e+10 1.000688e+05
 1.877000e+10 1.002075e+05
 1.877500e+10 1.004226e+05
 1.878000e+10 1.008664e+05
 1.878500e+10 1.008338e+05
 1.879000e+10 1.009887e+05
 1.879500e+10 1.007337e+05
 1.880000e+10 1.008085e+05
 1.880500e+10 1.007388e+05
 1.881000e+10 1.008695e+05
 1.881500e+10 1.006465e+05
 1.882000e+10 1.004376e+05
 1.882500e+10 1.002271e+05
 1.883000e+10 1.000278e+05
 1.883500e+10 9.981109e+04
 1.884000e+10 9.951504e+04
 1.884500e+10 9.958938e+04
 1.885000e+10 9.993619e+04
 1.885500e+10 1.001080e+05
 1.886000e+10 1.005858e+05
 1.886500e+10 1.010051e+05
 1.887000e+10 1.011816e+05
 1.887500e+10 1.011471e+05
 1.888000e+10 1.014116e+05
 1.888500e+10 1.015326e+05
 1.889000e+10 1.014659e+05
 1.889500e+10 1.013040e+05
 1.890000e+10 1.011142e+05
 1.890500e+10 1.009177e+05
 1.891000e+10 1.008324e+05
 1.891500e+10 1.009619e+05
 1.892000e+10 1.013432e+05
 1.892500e+10 1.013908e+05
 1.893000e+10 1.014504e+05
 1.893500e+10 1.016971e+05
 1.894000e+10 1.017861e+05
 1.894500e+10 1.019276e+05
 1.895000e+10 1.019045e+05
 1.895500e+10 1.017708e+05
 1.896000e+10 1.019203e+05
 1.896500e+10 1.019348e+05
 1.897000e+10 1.023395e+05
